===== Summary of variable information =====
Total number of ROIs: 148
Response variable Y - mean: 0.992546; SD: 0.239782
   Min. 1st Qu.  Median    Mean 3rd Qu.    Max. 
0.06911 0.82719 0.99780 0.99255 1.16395 1.59975 


Data structure:
'data.frame':	2219 obs. of  3 variables:
 $ Subj: Factor w/ 15 levels "1","2","3","4",..: 1 1 1 1 1 1 1 1 1 1 ...
 $ ROI : Factor w/ 148 levels "lh_G_and_S_cingul-Ant",..: 17 1 2 3 4 5 6 7 8 9 ...
 $ Y   : num  1.113 0.989 1.018 1.061 0.506 ...
Subjects:
  1   2   3   4   5   6   7   8   9  10  11  12  13  14  15 
148 148 147 148 148 148 148 148 148 148 148 148 148 148 148 
ROIs:
       lh_G_and_S_cingul-Ant    lh_G_and_S_cingul-Mid-Ant 
                          15                           15 
  lh_G_and_S_cingul-Mid-Post      lh_G_and_S_frontomargin 
                          15                           15 
    lh_G_and_S_occipital_inf       lh_G_and_S_paracentral 
                          15                           15 
       lh_G_and_S_subcentral  lh_G_and_S_transv_frontopol 
                          15                           15 
     lh_G_cingul-Post-dorsal     lh_G_cingul-Post-ventral 
                          15                           15 
                 lh_G_cuneus     lh_G_front_inf-Opercular 
                          15                           15 
      lh_G_front_inf-Orbital      lh_G_front_inf-Triangul 
                          15                           15 
           lh_G_front_middle               lh_G_front_sup 
                          15                           15 
  lh_G_Ins_lg_and_S_cent_ins           lh_G_insular_short 
                          15                           15 
    lh_G_oc-temp_lat-fusifor     lh_G_oc-temp_med-Lingual 
                          15                           15 
    lh_G_oc-temp_med-Parahip        lh_G_occipital_middle 
                          15                           15 
          lh_G_occipital_sup                 lh_G_orbital 
                          15                           15 
     lh_G_pariet_inf-Angular     lh_G_pariet_inf-Supramar 
                          15                           15 
           lh_G_parietal_sup             lh_G_postcentral 
                          15                           15 
             lh_G_precentral               lh_G_precuneus 
                          15                           15 
                 lh_G_rectus             lh_G_subcallosal 
                          15                           15 
    lh_G_temp_sup-G_T_transv        lh_G_temp_sup-Lateral 
                          15                           15 
    lh_G_temp_sup-Plan_polar     lh_G_temp_sup-Plan_tempo 
                          15                           15 
           lh_G_temporal_inf         lh_G_temporal_middle 
                          15                           15 
     lh_Lat_Fis-ant-Horizont      lh_Lat_Fis-ant-Vertical 
                          15                           15 
             lh_Lat_Fis-post            lh_Pole_occipital 
                          15                           15 
            lh_Pole_temporal               lh_S_calcarine 
                          15                           15 
                lh_S_central       lh_S_cingul-Marginalis 
                          15                           15 
    lh_S_circular_insula_ant     lh_S_circular_insula_inf 
                          15                           15 
    lh_S_circular_insula_sup       lh_S_collat_transv_ant 
                          15                           15 
     lh_S_collat_transv_post               lh_S_front_inf 
                          15                           15 
           lh_S_front_middle               lh_S_front_sup 
                          15                           15 
     lh_S_interm_prim-Jensen lh_S_intrapariet_and_P_trans 
                          15                           15 
  lh_S_oc_middle_and_Lunatus  lh_S_oc_sup_and_transversal 
                          15                           15 
            lh_S_oc-temp_lat lh_S_oc-temp_med_and_Lingual 
                          15                           15 
          lh_S_occipital_ant         lh_S_orbital_lateral 
                          15                           15 
     lh_S_orbital_med-olfact        lh_S_orbital-H_Shaped 
                          15                           15 
      lh_S_parieto_occipital            lh_S_pericallosal 
                          15                           15 
            lh_S_postcentral     lh_S_precentral-inf-part 
                          15                           15 
    lh_S_precentral-sup-part              lh_S_suborbital 
                          15                           15 
            lh_S_subparietal            lh_S_temporal_inf 
                          15                           15 
           lh_S_temporal_sup     lh_S_temporal_transverse 
                          15                           15 
       rh_G_and_S_cingul-Ant    rh_G_and_S_cingul-Mid-Ant 
                          15                           15 
  rh_G_and_S_cingul-Mid-Post      rh_G_and_S_frontomargin 
                          15                           15 
    rh_G_and_S_occipital_inf       rh_G_and_S_paracentral 
                          15                           15 
       rh_G_and_S_subcentral  rh_G_and_S_transv_frontopol 
                          15                           15 
     rh_G_cingul-Post-dorsal     rh_G_cingul-Post-ventral 
                          15                           15 
                 rh_G_cuneus     rh_G_front_inf-Opercular 
                          15                           15 
      rh_G_front_inf-Orbital      rh_G_front_inf-Triangul 
                          15                           15 
           rh_G_front_middle               rh_G_front_sup 
                          15                           15 
  rh_G_Ins_lg_and_S_cent_ins           rh_G_insular_short 
                          15                           15 
    rh_G_oc-temp_lat-fusifor     rh_G_oc-temp_med-Lingual 
                          15                           15 
    rh_G_oc-temp_med-Parahip        rh_G_occipital_middle 
                          15                           15 
          rh_G_occipital_sup                 rh_G_orbital 
                          15                           15 
     rh_G_pariet_inf-Angular                      (Other) 
                          15                          734 


10/10/25 09:26:36.565
   user  system elapsed 
255.804   1.808  88.831 

***** Summary information of model results *****

 Family: gaussian 
  Links: mu = identity 
Formula: Y ~ 1 + (1 | Subj) + (1 | ROI) 
   Data: lop$dataTable (Number of observations: 2219) 
  Draws: 4 chains, each with iter = 5000; warmup = 2500; thin = 1;
         total post-warmup draws = 10000

Multilevel Hyperparameters:
~ROI (Number of levels: 148) 
              Estimate Est.Error l-95% CI u-95% CI Rhat Bulk_ESS Tail_ESS
sd(Intercept)     0.14      0.01     0.12     0.16 1.01     1314     2533

~Subj (Number of levels: 15) 
              Estimate Est.Error l-95% CI u-95% CI Rhat Bulk_ESS Tail_ESS
sd(Intercept)     0.16      0.03     0.11     0.24 1.00     2001     3802

Regression Coefficients:
          Estimate Est.Error l-95% CI u-95% CI Rhat Bulk_ESS Tail_ESS
Intercept     0.99      0.04     0.91     1.08 1.00     1143     2340

Further Distributional Parameters:
      Estimate Est.Error l-95% CI u-95% CI Rhat Bulk_ESS Tail_ESS
sigma     0.14      0.00     0.13     0.14 1.00    12514     7381

Draws were sampled using sampling(NUTS). For each parameter, Bulk_ESS
and Tail_ESS are effective sample size measures, and Rhat is the potential
scale reduction factor on split chains (at convergence, Rhat = 1).


===== Summary of region effects for Intercept (RBA results) =====
                                  mean         SD P+      2.5%        5%       50%       95%     97.5%
lh_G_and_S_cingul-Ant        1.0799896 0.05364026  1 0.9736303 0.9913137 1.0803279 1.1676709 1.1832978
lh_G_and_S_cingul-Mid-Ant    1.0354335 0.05385313  1 0.9303112 0.9491696 1.0348429 1.1246008 1.1426288
lh_G_and_S_cingul-Mid-Post   1.0661025 0.05378263  1 0.9586734 0.9760642 1.0663532 1.1548946 1.1722703
lh_G_and_S_frontomargin      0.7424960 0.05386655  1 0.6377759 0.6549732 0.7428323 0.8298247 0.8508636
lh_G_and_S_occipital_inf     1.0155683 0.05379681  1 0.9080485 0.9271224 1.0151661 1.1041334 1.1214070
lh_G_and_S_paracentral       0.8140407 0.05377179  1 0.7104082 0.7280676 0.8138355 0.9029720 0.9213380
lh_G_and_S_subcentral        1.0297934 0.05326697  1 0.9253138 0.9422146 1.0295470 1.1165027 1.1346245
lh_G_and_S_transv_frontopol  0.5890114 0.05364315  1 0.4845891 0.5014942 0.5890041 0.6751967 0.6948826
lh_G_cingul-Post-dorsal      1.1778962 0.05364575  1 1.0718956 1.0897500 1.1779347 1.2655384 1.2818249
lh_G_cingul-Post-ventral     1.0801194 0.05280225  1 0.9767606 0.9930182 1.0808060 1.1654306 1.1828438
lh_G_cuneus                  1.1426814 0.05356567  1 1.0372122 1.0546148 1.1432636 1.2301357 1.2487576
lh_G_front_inf-Opercular     0.8364100 0.05354457  1 0.7294867 0.7482257 0.8358450 0.9241940 0.9413667
lh_G_front_inf-Orbital       0.7705383 0.05355725  1 0.6653546 0.6845916 0.7706397 0.8594772 0.8775208
lh_G_front_inf-Triangul      0.7616399 0.05407787  1 0.6549881 0.6731710 0.7617960 0.8508144 0.8688780
lh_G_front_middle            0.7815257 0.05304608  1 0.6795388 0.6947897 0.7814141 0.8685242 0.8854989
lh_G_front_sup               0.9266408 0.05376406  1 0.8229411 0.8402974 0.9263179 1.0140840 1.0303726
lh_G_Ins_lg_and_S_cent_ins   1.0825265 0.05269430  1 0.9784732 0.9956928 1.0825968 1.1680679 1.1854529
lh_G_insular_short           0.9831600 0.05347849  1 0.8760883 0.8950354 0.9834435 1.0696173 1.0883403
lh_G_oc-temp_lat-fusifor     1.1712265 0.05350818  1 1.0685433 1.0849995 1.1705479 1.2596272 1.2783841
lh_G_oc-temp_med-Lingual     1.1303808 0.05388949  1 1.0255894 1.0434837 1.1300939 1.2182238 1.2364620
lh_G_oc-temp_med-Parahip     1.1125503 0.05382459  1 1.0062836 1.0254863 1.1119137 1.2023529 1.2213322
lh_G_occipital_middle        0.8507124 0.05415029  1 0.7441451 0.7612181 0.8508733 0.9401351 0.9566391
lh_G_occipital_sup           0.9608297 0.05372097  1 0.8560260 0.8732282 0.9606121 1.0483745 1.0671542
lh_G_orbital                 0.9410746 0.05318535  1 0.8355649 0.8534885 0.9416118 1.0278730 1.0452944
lh_G_pariet_inf-Angular      0.8949598 0.05332439  1 0.7904573 0.8085643 0.8948628 0.9827323 0.9993094
lh_G_pariet_inf-Supramar     0.8997156 0.05392160  1 0.7941930 0.8122581 0.9002422 0.9889307 1.0044766
lh_G_parietal_sup            0.8021673 0.05353780  1 0.6989356 0.7162490 0.8018331 0.8908029 0.9092976
lh_G_postcentral             0.8301059 0.05390249  1 0.7240821 0.7427359 0.8293129 0.9197802 0.9373721
lh_G_precentral              0.8070466 0.05416156  1 0.7008940 0.7193499 0.8066732 0.8965759 0.9133902
lh_G_precuneus               1.0947643 0.05290716  1 0.9910994 1.0077579 1.0951288 1.1806018 1.1986478
lh_G_rectus                  0.8936757 0.05359567  1 0.7860079 0.8042007 0.8933492 0.9826985 1.0012834
lh_G_subcallosal             1.0663245 0.05344968  1 0.9611716 0.9796137 1.0660104 1.1534197 1.1721692
lh_G_temp_sup-G_T_transv     1.2589234 0.05376547  1 1.1533387 1.1719700 1.2581674 1.3468051 1.3660992
lh_G_temp_sup-Lateral        1.0279490 0.05326746  1 0.9239452 0.9420124 1.0284968 1.1144927 1.1328500
lh_G_temp_sup-Plan_polar     1.1465613 0.05318783  1 1.0420741 1.0596441 1.1470371 1.2332404 1.2511570
lh_G_temp_sup-Plan_tempo     0.9986196 0.05402271  1 0.8935442 0.9113664 0.9987562 1.0862901 1.1038606
lh_G_temporal_inf            1.0708614 0.05322959  1 0.9652839 0.9836466 1.0708505 1.1571190 1.1767841
lh_G_temporal_middle         0.9099911 0.05304432  1 0.8046962 0.8223860 0.9104875 0.9952892 1.0135966
lh_Lat_Fis-ant-Horizont      0.8812225 0.05355738  1 0.7746324 0.7935132 0.8818428 0.9693112 0.9877564
lh_Lat_Fis-ant-Vertical      0.8297452 0.05358220  1 0.7262999 0.7433147 0.8299489 0.9177066 0.9372845
lh_Lat_Fis-post              1.2421983 0.05318919  1 1.1378477 1.1552821 1.2430170 1.3294761 1.3487373
lh_Pole_occipital            1.0138466 0.05349469  1 0.9070103 0.9254009 1.0133152 1.1005173 1.1174387
lh_Pole_temporal             0.9478368 0.05266862  1 0.8422409 0.8623788 0.9478363 1.0331364 1.0509447
lh_S_calcarine               1.1927109 0.05292313  1 1.0882250 1.1055754 1.1922558 1.2785111 1.2961269
lh_S_central                 0.9415140 0.05355568  1 0.8350361 0.8558316 0.9408350 1.0300637 1.0489006
lh_S_cingul-Marginalis       1.1059594 0.05387506  1 1.0007984 1.0184908 1.1056838 1.1935088 1.2110511
lh_S_circular_insula_ant     1.0170709 0.05354708  1 0.9115096 0.9291832 1.0174306 1.1047816 1.1231448
lh_S_circular_insula_inf     1.1757416 0.05384769  1 1.0691073 1.0856537 1.1758735 1.2632620 1.2801461
lh_S_circular_insula_sup     1.1898183 0.05373182  1 1.0869704 1.1018721 1.1902159 1.2774275 1.2968389
lh_S_collat_transv_ant       0.9800495 0.05289024  1 0.8753257 0.8942444 0.9802070 1.0663843 1.0836438
lh_S_collat_transv_post      1.0173411 0.05333554  1 0.9128668 0.9302277 1.0168484 1.1057232 1.1238271
lh_S_front_inf               0.9661065 0.05322956  1 0.8624621 0.8809699 0.9652802 1.0543079 1.0706046
lh_S_front_middle            0.7857361 0.05334340  1 0.6808474 0.6994215 0.7851484 0.8746001 0.8917304
lh_S_front_sup               0.8152473 0.05346231  1 0.7112931 0.7283871 0.8150506 0.9018398 0.9204170
lh_S_interm_prim-Jensen      0.9279336 0.05315552  1 0.8223235 0.8411645 0.9290181 1.0144787 1.0330326
lh_S_intrapariet_and_P_trans 0.9805911 0.05269681  1 0.8768293 0.8941829 0.9809069 1.0679933 1.0843400
lh_S_oc_middle_and_Lunatus   0.9124136 0.05341864  1 0.8085227 0.8238830 0.9123583 1.0003668 1.0165919
lh_S_oc_sup_and_transversal  1.0103114 0.05335192  1 0.9033266 0.9234809 1.0103414 1.0979146 1.1166208
lh_S_oc-temp_lat             1.0629393 0.05327093  1 0.9591404 0.9759834 1.0623055 1.1505974 1.1676874
lh_S_oc-temp_med_and_Lingual 1.1598103 0.05333655  1 1.0553682 1.0733366 1.1597686 1.2463240 1.2653633
lh_S_occipital_ant           1.0256753 0.05369335  1 0.9189555 0.9379920 1.0253424 1.1142038 1.1310627
lh_S_orbital_lateral         0.6685357 0.05366978  1 0.5641176 0.5808493 0.6682342 0.7580470 0.7766456
lh_S_orbital_med-olfact      1.0087779 0.05339942  1 0.9042347 0.9224432 1.0078323 1.0967719 1.1155057
lh_S_orbital-H_Shaped        0.9517880 0.05319826  1 0.8481810 0.8645860 0.9514478 1.0377927 1.0539132
lh_S_parieto_occipital       1.1427005 0.05341512  1 1.0371592 1.0562265 1.1425402 1.2307599 1.2475414
lh_S_pericallosal            1.1294393 0.05356688  1 1.0251623 1.0432500 1.1294789 1.2173707 1.2363288
lh_S_postcentral             0.9099110 0.05399599  1 0.8037168 0.8226296 0.9093733 0.9983060 1.0167356
lh_S_precentral-inf-part     1.0132453 0.05353718  1 0.9048629 0.9246055 1.0139520 1.0989767 1.1184310
lh_S_precentral-sup-part     0.8572129 0.05367481  1 0.7498382 0.7685069 0.8573201 0.9445271 0.9613391
lh_S_suborbital              1.0312429 0.05350930  1 0.9255560 0.9442613 1.0311216 1.1167968 1.1358833
lh_S_subparietal             1.1974793 0.05412098  1 1.0897022 1.1081408 1.1975184 1.2853855 1.3033515
lh_S_temporal_inf            0.9767999 0.05354292  1 0.8732959 0.8892070 0.9769288 1.0640757 1.0822321
lh_S_temporal_sup            0.9183666 0.05348739  1 0.8119996 0.8314441 0.9185443 1.0054375 1.0220654
lh_S_temporal_transverse     1.1375567 0.05379771  1 1.0319041 1.0498871 1.1376122 1.2259483 1.2437418
rh_G_and_S_cingul-Ant        1.0621466 0.05306337  1 0.9570552 0.9740734 1.0629724 1.1494626 1.1667944
rh_G_and_S_cingul-Mid-Ant    1.0188902 0.05354202  1 0.9122557 0.9312324 1.0181772 1.1073424 1.1257268
rh_G_and_S_cingul-Mid-Post   1.0225314 0.05385376  1 0.9162046 0.9348862 1.0225979 1.1110931 1.1299256
rh_G_and_S_frontomargin      0.6842761 0.05372129  1 0.5787347 0.5967571 0.6839263 0.7719080 0.7902682
rh_G_and_S_occipital_inf     1.0057437 0.05343987  1 0.9008802 0.9181318 1.0063239 1.0931392 1.1103466
rh_G_and_S_paracentral       0.7691128 0.05334317  1 0.6640656 0.6818089 0.7693785 0.8565053 0.8733378
rh_G_and_S_subcentral        1.0462926 0.05311120  1 0.9419225 0.9596000 1.0456761 1.1337678 1.1508049
rh_G_and_S_transv_frontopol  0.6215203 0.05348742  1 0.5153970 0.5348118 0.6215009 0.7079207 0.7261924
rh_G_cingul-Post-dorsal      1.1735029 0.05264471  1 1.0703379 1.0882357 1.1732047 1.2617182 1.2793605
rh_G_cingul-Post-ventral     1.1289037 0.05384711  1 1.0223417 1.0390766 1.1289402 1.2154484 1.2318887
rh_G_cuneus                  1.1643698 0.05335164  1 1.0594390 1.0779370 1.1644320 1.2518992 1.2683618
rh_G_front_inf-Opercular     0.9338482 0.05341540  1 0.8288161 0.8458738 0.9337582 1.0200869 1.0375802
rh_G_front_inf-Orbital       0.8304852 0.05358021  1 0.7220665 0.7421778 0.8306893 0.9170862 0.9349843
rh_G_front_inf-Triangul      0.7880333 0.05359291  1 0.6835686 0.7007606 0.7881869 0.8756414 0.8928386
rh_G_front_middle            0.7662250 0.05387948  1 0.6610929 0.6785912 0.7662693 0.8530518 0.8699289
rh_G_front_sup               0.9235256 0.05387060  1 0.8185355 0.8360618 0.9233550 1.0131424 1.0294633
rh_G_Ins_lg_and_S_cent_ins   0.9995719 0.05330936  1 0.8926064 0.9117508 1.0000437 1.0868523 1.1053666
rh_G_insular_short           0.9553598 0.05278702  1 0.8513259 0.8681808 0.9553095 1.0412545 1.0597897
rh_G_oc-temp_lat-fusifor     1.1906627 0.05357641  1 1.0847606 1.1033030 1.1905586 1.2774378 1.2951435
rh_G_oc-temp_med-Lingual     1.1195442 0.05434233  1 1.0128698 1.0314393 1.1189785 1.2090163 1.2284008
rh_G_oc-temp_med-Parahip     1.0689393 0.05379215  1 0.9617343 0.9815293 1.0686654 1.1580039 1.1740173
rh_G_occipital_middle        0.9472283 0.05355597  1 0.8406015 0.8594098 0.9471560 1.0331525 1.0507152
rh_G_occipital_sup           0.9461144 0.05355668  1 0.8381864 0.8583028 0.9460675 1.0335271 1.0514392
rh_G_orbital                 1.0150368 0.05380247  1 0.9097630 0.9263392 1.0156603 1.1022595 1.1226745
rh_G_pariet_inf-Angular      0.9322680 0.05297735  1 0.8269889 0.8451707 0.9323385 1.0206697 1.0384648
rh_G_pariet_inf-Supramar     0.9866809 0.05391432  1 0.8811479 0.8991595 0.9863317 1.0753583 1.0935128
rh_G_parietal_sup            0.8065950 0.05350484  1 0.7012953 0.7191971 0.8060848 0.8958104 0.9122301
rh_G_postcentral             0.8920128 0.05355283  1 0.7858861 0.8044770 0.8914883 0.9795534 0.9978200
rh_G_precentral              0.8565586 0.05369375  1 0.7491463 0.7690068 0.8574221 0.9434056 0.9598416
rh_G_precuneus               1.0782942 0.05326004  1 0.9740434 0.9921643 1.0775779 1.1660848 1.1836904
rh_G_rectus                  0.9132513 0.05307935  1 0.8066849 0.8249528 0.9140679 1.0015416 1.0181968
rh_G_subcallosal             1.0814437 0.05343175  1 0.9770359 0.9929916 1.0814439 1.1680817 1.1854109
rh_G_temp_sup-G_T_transv     1.2206389 0.05361978  1 1.1138509 1.1321994 1.2201701 1.3082858 1.3255871
rh_G_temp_sup-Lateral        1.0308377 0.05321899  1 0.9273134 0.9445684 1.0310169 1.1177340 1.1351106
rh_G_temp_sup-Plan_polar     1.1209049 0.05343630  1 1.0158717 1.0330833 1.1216811 1.2076795 1.2254391
rh_G_temp_sup-Plan_tempo     1.0486229 0.05364056  1 0.9431287 0.9610546 1.0484549 1.1358856 1.1552439
rh_G_temporal_inf            1.0464459 0.05342837  1 0.9413837 0.9581136 1.0464888 1.1331172 1.1514135
rh_G_temporal_middle         0.8942966 0.05330539  1 0.7907212 0.8064818 0.8948872 0.9807434 0.9988623
rh_Lat_Fis-ant-Horizont      0.9083040 0.05393364  1 0.8015868 0.8201905 0.9084529 0.9967983 1.0140250
rh_Lat_Fis-ant-Vertical      0.9139945 0.05320787  1 0.8089403 0.8274108 0.9137086 1.0000827 1.0183479
rh_Lat_Fis-post              1.2255715 0.05361129  1 1.1187733 1.1364696 1.2257329 1.3140559 1.3324589
rh_Pole_occipital            1.0879700 0.05316339  1 0.9836686 1.0014650 1.0871690 1.1764863 1.1919434
rh_Pole_temporal             0.9956207 0.05317500  1 0.8903213 0.9080923 0.9958569 1.0826873 1.1001417
rh_S_calcarine               1.2189505 0.05347335  1 1.1132463 1.1312751 1.2189362 1.3060625 1.3251193
rh_S_central                 0.8828552 0.05337712  1 0.7780411 0.7958728 0.8825914 0.9710738 0.9874289
rh_S_cingul-Marginalis       1.0827260 0.05374302  1 0.9766844 0.9943176 1.0829078 1.1711405 1.1887911
rh_S_circular_insula_ant     1.0374330 0.05369416  1 0.9326220 0.9494226 1.0372675 1.1260624 1.1454550
rh_S_circular_insula_inf     1.1816396 0.05358796  1 1.0756704 1.0931921 1.1814384 1.2686994 1.2860334
rh_S_circular_insula_sup     1.1454378 0.05333709  1 1.0404721 1.0582198 1.1454267 1.2323019 1.2495025
rh_S_collat_transv_ant       0.9665063 0.05377876  1 0.8619349 0.8784740 0.9663550 1.0547770 1.0731351
rh_S_collat_transv_post      1.0435281 0.05426429  1 0.9372045 0.9553191 1.0434412 1.1309887 1.1496077
rh_S_front_inf               0.9837694 0.05340875  1 0.8782438 0.8966806 0.9837149 1.0713713 1.0899031
rh_S_front_middle            0.8336888 0.05337833  1 0.7283410 0.7462256 0.8338918 0.9205996 0.9378888
rh_S_front_sup               0.8570759 0.05374877  1 0.7521663 0.7701639 0.8570186 0.9465383 0.9645961
rh_S_interm_prim-Jensen      1.0016046 0.05324522  1 0.8955513 0.9137668 1.0018318 1.0879936 1.1049630
rh_S_intrapariet_and_P_trans 0.9400232 0.05343563  1 0.8345386 0.8524635 0.9395475 1.0273893 1.0491733
rh_S_oc_middle_and_Lunatus   1.0200613 0.05338846  1 0.9140068 0.9327477 1.0195691 1.1082202 1.1253031
rh_S_oc_sup_and_transversal  1.0426875 0.05394264  1 0.9371293 0.9536733 1.0421446 1.1315637 1.1501563
rh_S_oc-temp_lat             1.0381659 0.05329848  1 0.9330264 0.9520184 1.0377857 1.1252970 1.1424138
rh_S_oc-temp_med_and_Lingual 1.1573799 0.05378376  1 1.0525022 1.0696811 1.1579695 1.2441138 1.2629075
rh_S_occipital_ant           1.0363554 0.05344379  1 0.9315649 0.9483182 1.0365173 1.1235131 1.1399384
rh_S_orbital_lateral         0.7358125 0.05377716  1 0.6306628 0.6488851 0.7359900 0.8239832 0.8407381
rh_S_orbital_med-olfact      1.0400493 0.05319879  1 0.9347754 0.9543479 1.0404587 1.1265613 1.1443072
rh_S_orbital-H_Shaped        0.9889439 0.05317323  1 0.8862292 0.9024950 0.9889542 1.0750467 1.0950677
rh_S_parieto_occipital       1.1456739 0.05391960  1 1.0393311 1.0565943 1.1458405 1.2335486 1.2514825
rh_S_pericallosal            1.1002511 0.05360378  1 0.9946130 1.0124367 1.1002974 1.1891542 1.2048670
rh_S_postcentral             0.9134275 0.05384151  1 0.8064573 0.8251303 0.9136798 1.0014595 1.0196648
rh_S_precentral-inf-part     0.9944515 0.05355944  1 0.8872880 0.9057283 0.9949771 1.0818004 1.0996812
rh_S_precentral-sup-part     0.8675086 0.05329248  1 0.7611655 0.7802617 0.8675431 0.9540493 0.9723824
rh_S_suborbital              0.9482505 0.05410928  1 0.8404049 0.8599311 0.9479294 1.0371110 1.0533980
rh_S_subparietal             1.2045276 0.05407806  1 1.0993678 1.1172852 1.2042216 1.2919547 1.3119039
rh_S_temporal_inf            0.9487476 0.05347615  1 0.8454834 0.8621156 0.9484670 1.0363599 1.0541064
rh_S_temporal_sup            1.0314427 0.05470638  1 0.9201196 0.9405760 1.0321878 1.1186431 1.1362767
rh_S_temporal_transverse     1.1989608 0.05355586  1 1.0928712 1.1106894 1.1988997 1.2854026 1.3048661


===== Summary of region effects under GLM for Intercept (for reference only): no adjustment for multiplicity =====
                                  mean         SD 2-sided-p      2.5%        5%       50%       95%     97.5%
lh_G_and_S_cingul-Ant        1.0869884 0.05470554  0.00e+00 0.9696567 0.9906350 1.0869884 1.1833418 1.2043201
lh_G_and_S_cingul-Mid-Ant    1.0396706 0.03980520  0.00e+00 0.9542970 0.9695613 1.0396706 1.1097799 1.1250443
lh_G_and_S_cingul-Mid-Post   1.0723040 0.03961149  0.00e+00 0.9873458 1.0025359 1.0723040 1.1420721 1.1572622
lh_G_and_S_frontomargin      0.7279184 0.05121664  0.00e+00 0.6180696 0.6377100 0.7279184 0.8181268 0.8377672
lh_G_and_S_occipital_inf     1.0185160 0.06833470  0.00e+00 0.8719527 0.8981574 1.0185160 1.1388747 1.1650794
lh_G_and_S_paracentral       0.8035543 0.04484475  0.00e+00 0.7073719 0.7245688 0.8035543 0.8825399 0.8997368
lh_G_and_S_subcentral        1.0332864 0.03596904  0.00e+00 0.9561405 0.9699338 1.0332864 1.0966391 1.1104323
lh_G_and_S_transv_frontopol  0.5638675 0.04309585  0.00e+00 0.4714361 0.4879624 0.5638675 0.6397727 0.6562989
lh_G_cingul-Post-dorsal      1.1912973 0.03534294  0.00e+00 1.1154942 1.1290474 1.1912973 1.2535471 1.2671003
lh_G_cingul-Post-ventral     1.0870493 0.04801367  0.00e+00 0.9840703 1.0024824 1.0870493 1.1716163 1.1900284
lh_G_cuneus                  1.1535698 0.05210392  0.00e+00 1.0418180 1.0617986 1.1535698 1.2453409 1.2653216
lh_G_front_inf-Opercular     0.8277482 0.04608517  0.00e+00 0.7289053 0.7465779 0.8277482 0.9089185 0.9265910
lh_G_front_inf-Orbital       0.7576982 0.04293507  0.00e+00 0.6656116 0.6820762 0.7576982 0.8333202 0.8497848
lh_G_front_inf-Triangul      0.7481224 0.04941825  0.00e+00 0.6421307 0.6610815 0.7481224 0.8351632 0.8541140
lh_G_front_middle            0.7690517 0.04573671  0.00e+00 0.6709562 0.6884951 0.7690517 0.8496082 0.8671472
lh_G_front_sup               0.9241400 0.04191207  0.00e+00 0.8342475 0.8503198 0.9241400 0.9979601 1.0140324
lh_G_Ins_lg_and_S_cent_ins   1.0899267 0.06120433  0.00e+00 0.9586565 0.9821269 1.0899267 1.1977265 1.2211970
lh_G_insular_short           0.9840350 0.04413167  0.00e+00 0.8893820 0.9063054 0.9840350 1.0617645 1.0786880
lh_G_oc-temp_lat-fusifor     1.1841043 0.06511687  0.00e+00 1.0444425 1.0694133 1.1841043 1.2987953 1.3237661
lh_G_oc-temp_med-Lingual     1.1408852 0.05959690  0.00e+00 1.0130625 1.0359165 1.1408852 1.2458538 1.2687078
lh_G_oc-temp_med-Parahip     1.1219901 0.06311341  0.00e+00 0.9866253 1.0108279 1.1219901 1.2331524 1.2573549
lh_G_occipital_middle        0.8428993 0.07186792  1.00e-08 0.6887579 0.7163176 0.8428993 0.9694810 0.9970406
lh_G_occipital_sup           0.9599878 0.07245470  0.00e+00 0.8045879 0.8323726 0.9599878 1.0876030 1.1153877
lh_G_orbital                 0.9392761 0.04829375  0.00e+00 0.8356963 0.8542158 0.9392761 1.0243363 1.0428559
lh_G_pariet_inf-Angular      0.8902230 0.04614982  0.00e+00 0.7912414 0.8089388 0.8902230 0.9715071 0.9892045
lh_G_pariet_inf-Supramar     0.8948436 0.04397715  0.00e+00 0.8005220 0.8173862 0.8948436 0.9723010 0.9891652
lh_G_parietal_sup            0.7907209 0.04812546  0.00e+00 0.6875021 0.7059571 0.7907209 0.8754848 0.8939398
lh_G_postcentral             0.8211219 0.03508452  0.00e+00 0.7458731 0.7593271 0.8211219 0.8829166 0.8963707
lh_G_precentral              0.7961656 0.03261910  0.00e+00 0.7262046 0.7387133 0.7961656 0.8536180 0.8661266
lh_G_precuneus               1.1032584 0.04226519  0.00e+00 1.0126085 1.0288162 1.1032584 1.1777005 1.1939082
lh_G_rectus                  0.8886236 0.05467747  0.00e+00 0.7713521 0.7923196 0.8886236 0.9849275 1.0058951
lh_G_subcallosal             1.0725065 0.04936359  0.00e+00 0.9666322 0.9855620 1.0725065 1.1594511 1.1783809
lh_G_temp_sup-G_T_transv     1.2779451 0.04359094  0.00e+00 1.1844518 1.2011679 1.2779451 1.3547223 1.3714384
lh_G_temp_sup-Lateral        1.0315873 0.05520274  0.00e+00 0.9131891 0.9343581 1.0315873 1.1288164 1.1499854
lh_G_temp_sup-Plan_polar     1.1575617 0.06620865  0.00e+00 1.0155582 1.0409477 1.1575617 1.2741756 1.2995651
lh_G_temp_sup-Plan_tempo     1.0003038 0.04042279  0.00e+00 0.9136055 0.9291067 1.0003038 1.0715008 1.0870020
lh_G_temporal_inf            1.0771854 0.07609786  0.00e+00 0.9139717 0.9431534 1.0771854 1.2112173 1.2403990
lh_G_temporal_middle         0.9058796 0.07560088  1.00e-08 0.7437318 0.7727230 0.9058796 1.0390362 1.0680273
lh_Lat_Fis-ant-Horizont      0.8752432 0.04930673  0.00e+00 0.7694908 0.7883987 0.8752432 0.9620876 0.9809956
lh_Lat_Fis-ant-Vertical      0.8201769 0.04235061  0.00e+00 0.7293439 0.7455844 0.8201769 0.8947695 0.9110099
lh_Lat_Fis-post              1.2592925 0.03700652  0.00e+00 1.1799214 1.1941126 1.2592925 1.3244725 1.3386636
lh_Pole_occipital            1.0164628 0.06793730  0.00e+00 0.8707518 0.8968042 1.0164628 1.1361215 1.1621738
lh_Pole_temporal             0.9464395 0.06731379  0.00e+00 0.8020658 0.8278790 0.9464395 1.0649999 1.0908132
lh_S_calcarine               1.2070063 0.05300667  0.00e+00 1.0933184 1.1136452 1.2070063 1.3003675 1.3206943
lh_S_central                 0.9391905 0.04131025  0.00e+00 0.8505889 0.8664304 0.9391905 1.0119507 1.0277922
lh_S_cingul-Marginalis       1.1145322 0.03578877  0.00e+00 1.0377729 1.0514970 1.1145322 1.1775673 1.1912915
lh_S_circular_insula_ant     1.0199577 0.05905214  0.00e+00 0.8933035 0.9159486 1.0199577 1.1239669 1.1466120
lh_S_circular_insula_inf     1.1885137 0.06229379  0.00e+00 1.0549068 1.0787950 1.1885137 1.2982324 1.3221206
lh_S_circular_insula_sup     1.2036611 0.03360410  0.00e+00 1.1315875 1.1444739 1.2036611 1.2628483 1.2757347
lh_S_collat_transv_ant       0.9806541 0.07444413  0.00e+00 0.8209874 0.8495349 0.9806541 1.1117733 1.1403209
lh_S_collat_transv_post      1.0203806 0.05228240  0.00e+00 0.9082460 0.9282951 1.0203806 1.1124662 1.1325152
lh_S_front_inf               0.9656450 0.04156002  0.00e+00 0.8765076 0.8924449 0.9656450 1.0388451 1.0547824
lh_S_front_middle            0.7734134 0.04008632  0.00e+00 0.6874368 0.7028090 0.7734134 0.8440179 0.8593900
lh_S_front_sup               0.8054063 0.04749725  0.00e+00 0.7035348 0.7217489 0.8054063 0.8890636 0.9072777
lh_S_interm_prim-Jensen      0.9249619 0.06078338  0.00e+00 0.7945945 0.8179035 0.9249619 1.0320203 1.0553293
lh_S_intrapariet_and_P_trans 0.9809240 0.05629139  0.00e+00 0.8601910 0.8817774 0.9809240 1.0800706 1.1016570
lh_S_oc_middle_and_Lunatus   0.9085194 0.07126548  0.00e+00 0.7556701 0.7829988 0.9085194 1.0340400 1.0613686
lh_S_oc_sup_and_transversal  1.0130188 0.07084638  0.00e+00 0.8610684 0.8882364 1.0130188 1.1378013 1.1649692
lh_S_oc-temp_lat             1.0688606 0.05420087  0.00e+00 0.9526113 0.9733961 1.0688606 1.1643252 1.1851099
lh_S_oc-temp_med_and_Lingual 1.1719109 0.06731894  0.00e+00 1.0275262 1.0533414 1.1719109 1.2904805 1.3162957
lh_S_occipital_ant           1.0292423 0.07350069  0.00e+00 0.8715990 0.8997848 1.0292423 1.1586998 1.1868856
lh_S_orbital_lateral         0.6486925 0.04777735  0.00e+00 0.5462203 0.5645418 0.6486925 0.7328433 0.7511648
lh_S_orbital_med-olfact      1.0107307 0.05109578  0.00e+00 0.9011411 0.9207351 1.0107307 1.1007262 1.1203202
lh_S_orbital-H_Shaped        0.9504116 0.04522402  0.00e+00 0.8534158 0.8707581 0.9504116 1.0300652 1.0474075
lh_S_parieto_occipital       1.1536915 0.03802809  0.00e+00 1.0721293 1.0867122 1.1536915 1.2206707 1.2352536
lh_S_pericallosal            1.1392031 0.04939982  0.00e+00 1.0332510 1.0521947 1.1392031 1.2262115 1.2451552
lh_S_postcentral             0.9063161 0.02955481  0.00e+00 0.8429274 0.8542610 0.9063161 0.9583713 0.9697049
lh_S_precentral-inf-part     1.0159571 0.04294843  0.00e+00 0.9238418 0.9403116 1.0159571 1.0916026 1.1080723
lh_S_precentral-sup-part     0.8499013 0.04416277  0.00e+00 0.7551816 0.7721170 0.8499013 0.9276857 0.9446211
lh_S_suborbital              1.0347416 0.05834122  0.00e+00 0.9096121 0.9319846 1.0347416 1.1374986 1.1598711
lh_S_subparietal             1.2115978 0.03774712  0.00e+00 1.1306383 1.1451134 1.2115978 1.2780822 1.2925573
lh_S_temporal_inf            0.9767235 0.06772086  0.00e+00 0.8314767 0.8574460 0.9767235 1.0960009 1.1219703
lh_S_temporal_sup            0.9149303 0.08243452  3.00e-08 0.7381258 0.7697375 0.9149303 1.0601230 1.0917347
lh_S_temporal_transverse     1.1486317 0.05574579  0.00e+00 1.0290689 1.0504461 1.1486317 1.2468173 1.2681945
rh_G_and_S_cingul-Ant        1.0682102 0.04341265  0.00e+00 0.9750993 0.9917470 1.0682102 1.1446733 1.1613211
rh_G_and_S_cingul-Mid-Ant    1.0225595 0.03889676  0.00e+00 0.9391342 0.9540502 1.0225595 1.0910687 1.1059847
rh_G_and_S_cingul-Mid-Post   1.0258979 0.03712695  0.00e+00 0.9462685 0.9605058 1.0258979 1.0912899 1.1055272
rh_G_and_S_frontomargin      0.6652114 0.05717252  1.00e-08 0.5425885 0.5645128 0.6652114 0.7659099 0.7878342
rh_G_and_S_occipital_inf     1.0079606 0.07437880  0.00e+00 0.8484339 0.8769565 1.0079606 1.1389647 1.1674872
rh_G_and_S_paracentral       0.7556232 0.02954950  0.00e+00 0.6922458 0.7035773 0.7556232 0.8076690 0.8190005
rh_G_and_S_subcentral        1.0511425 0.03946890  0.00e+00 0.9664902 0.9816255 1.0511425 1.1206595 1.1357949
rh_G_and_S_transv_frontopol  0.5990822 0.07526631  1.45e-06 0.4376520 0.4665149 0.5990822 0.7316495 0.7605124
rh_G_cingul-Post-dorsal      1.1866638 0.03418369  0.00e+00 1.1133470 1.1264557 1.1866638 1.2468719 1.2599805
rh_G_cingul-Post-ventral     1.1391403 0.04862069  0.00e+00 1.0348593 1.0535042 1.1391403 1.2247764 1.2434213
rh_G_cuneus                  1.1769656 0.06169612  0.00e+00 1.0446406 1.0682996 1.1769656 1.2856316 1.3092906
rh_G_front_inf-Opercular     0.9311436 0.04361940  0.00e+00 0.8375893 0.8543163 0.9311436 1.0079709 1.0246979
rh_G_front_inf-Orbital       0.8211967 0.05649960  0.00e+00 0.7000171 0.7216834 0.8211967 0.9207100 0.9423763
rh_G_front_inf-Triangul      0.7761224 0.04405404  0.00e+00 0.6816359 0.6985296 0.7761224 0.8537153 0.8706090
rh_G_front_middle            0.7531060 0.03607801  0.00e+00 0.6757264 0.6895615 0.7531060 0.8166506 0.8304857
rh_G_front_sup               0.9203937 0.04936102  0.00e+00 0.8145249 0.8334537 0.9203937 1.0073338 1.0262626
rh_G_Ins_lg_and_S_cent_ins   1.0017188 0.04786892  0.00e+00 0.8990502 0.9174068 1.0017188 1.0860308 1.1043874
rh_G_insular_short           0.9542922 0.03904904  0.00e+00 0.8705403 0.8855147 0.9542922 1.0230696 1.0380440
rh_G_oc-temp_lat-fusifor     1.2045977 0.04784192  0.00e+00 1.1019870 1.1203333 1.2045977 1.2888622 1.3072085
rh_G_oc-temp_med-Lingual     1.1295572 0.05454902  0.00e+00 1.0125612 1.0334794 1.1295572 1.2256349 1.2465532
rh_G_oc-temp_med-Parahip     1.0748790 0.05048941  0.00e+00 0.9665900 0.9859515 1.0748790 1.1638065 1.1831680
rh_G_occipital_middle        0.9450769 0.07099145  0.00e+00 0.7928154 0.8200390 0.9450769 1.0701149 1.0973384
rh_G_occipital_sup           0.9441670 0.07492425  0.00e+00 0.7834705 0.8122022 0.9441670 1.0761318 1.1048635
rh_G_orbital                 1.0178111 0.05315401  0.00e+00 0.9038070 0.9241904 1.0178111 1.1114317 1.1318151
rh_G_pariet_inf-Angular      0.9297637 0.04929463  0.00e+00 0.8240372 0.8429405 0.9297637 1.0165868 1.0354901
rh_G_pariet_inf-Supramar     0.9874726 0.04675312  0.00e+00 0.8871971 0.9051258 0.9874726 1.0698193 1.0877480
rh_G_parietal_sup            0.7961251 0.05389652  0.00e+00 0.6805285 0.7011966 0.7961251 0.8910535 0.9117216
rh_G_postcentral             0.8871901 0.03146067  0.00e+00 0.8197136 0.8317781 0.8871901 0.9426021 0.9546665
rh_G_precentral              0.8491709 0.03562440  0.00e+00 0.7727642 0.7864253 0.8491709 0.9119165 0.9255777
rh_G_precuneus               1.0850317 0.04128340  0.00e+00 0.9964876 1.0123188 1.0850317 1.1577445 1.1735757
rh_G_rectus                  0.9093945 0.05467950  0.00e+00 0.7921187 0.8130870 0.9093945 1.0057021 1.0266704
rh_G_subcallosal             1.0883441 0.05237360  0.00e+00 0.9760140 0.9960980 1.0883441 1.1805903 1.2006743
rh_G_temp_sup-G_T_transv     1.2367391 0.03163875  0.00e+00 1.1688807 1.1810134 1.2367391 1.2924647 1.3045975
rh_G_temp_sup-Lateral        1.0346391 0.04628065  0.00e+00 0.9353770 0.9531245 1.0346391 1.1161537 1.1339012
rh_G_temp_sup-Plan_polar     1.1303068 0.04451014  0.00e+00 1.0348421 1.0519107 1.1303068 1.2087030 1.2257716
rh_G_temp_sup-Plan_tempo     1.0534976 0.03926760  0.00e+00 0.9692769 0.9843351 1.0534976 1.1226600 1.1377182
rh_G_temporal_inf            1.0518671 0.03416268  0.00e+00 0.9785955 0.9916960 1.0518671 1.1120382 1.1251388
rh_G_temporal_middle         0.8893820 0.05623971  0.00e+00 0.7687598 0.7903264 0.8893820 0.9884376 1.0100042
rh_Lat_Fis-ant-Horizont      0.9037550 0.04454958  0.00e+00 0.8082056 0.8252894 0.9037550 0.9822206 0.9993043
rh_Lat_Fis-ant-Vertical      0.9100776 0.04521567  0.00e+00 0.8130996 0.8304388 0.9100776 0.9897164 1.0070556
rh_Lat_Fis-post              1.2419336 0.03365261  0.00e+00 1.1697559 1.1826609 1.2419336 1.3012063 1.3141113
rh_Pole_occipital            1.0962746 0.06940261  0.00e+00 0.9474208 0.9740350 1.0962746 1.2185141 1.2451284
rh_Pole_temporal             0.9972596 0.04573583  0.00e+00 0.8991660 0.9167046 0.9972596 1.0778146 1.0953532
rh_S_calcarine               1.2355191 0.04973044  0.00e+00 1.1288579 1.1479284 1.2355191 1.3231099 1.3421803
rh_S_central                 0.8768026 0.03888465  0.00e+00 0.7934033 0.8083147 0.8768026 0.9452906 0.9602019
rh_S_cingul-Marginalis       1.0898623 0.02700400  0.00e+00 1.0319444 1.0422998 1.0898623 1.1374247 1.1477801
rh_S_circular_insula_ant     1.0415097 0.05159962  0.00e+00 0.9308395 0.9506267 1.0415097 1.1323926 1.1521798
rh_S_circular_insula_inf     1.1950972 0.04253462  0.00e+00 1.1038695 1.1201805 1.1950972 1.2700139 1.2863249
rh_S_circular_insula_sup     1.1562472 0.03314264  0.00e+00 1.0851632 1.0978727 1.1562472 1.2146216 1.2273311
rh_S_collat_transv_ant       0.9662997 0.04442876  0.00e+00 0.8710095 0.8880469 0.9662997 1.0445525 1.0615899
rh_S_collat_transv_post      1.0481110 0.06311581  0.00e+00 0.9127411 0.9369445 1.0481110 1.1592775 1.1834810
rh_S_front_inf               0.9848288 0.04023328  0.00e+00 0.8985370 0.9139655 0.9848288 1.0556921 1.0711206
rh_S_front_middle            0.8246281 0.04342678  0.00e+00 0.7314869 0.7481401 0.8246281 0.9011161 0.9177693
rh_S_front_sup               0.8497383 0.04094300  0.00e+00 0.7619243 0.7776249 0.8497383 0.9218516 0.9375523
rh_S_interm_prim-Jensen      1.0034449 0.03526135  0.00e+00 0.9278169 0.9413388 1.0034449 1.0655511 1.0790730
rh_S_intrapariet_and_P_trans 0.9376198 0.03584408  0.00e+00 0.8607419 0.8744873 0.9376198 1.0007523 1.0144977
rh_S_oc_middle_and_Lunatus   1.0233572 0.06721417  0.00e+00 0.8791971 0.9049722 1.0233572 1.1417422 1.1675172
rh_S_oc_sup_and_transversal  1.0465446 0.05523295  0.00e+00 0.9280817 0.9492622 1.0465446 1.1438270 1.1650075
rh_S_oc-temp_lat             1.0427501 0.05148598  0.00e+00 0.9323237 0.9520673 1.0427501 1.1334329 1.1531766
rh_S_oc-temp_med_and_Lingual 1.1695946 0.05198297  0.00e+00 1.0581022 1.0780364 1.1695946 1.2611527 1.2810870
rh_S_occipital_ant           1.0410140 0.06189195  0.00e+00 0.9082690 0.9320031 1.0410140 1.1500249 1.1737591
rh_S_orbital_lateral         0.7203889 0.05262909  0.00e+00 0.6075107 0.6276927 0.7203889 0.8130850 0.8332671
rh_S_orbital_med-olfact      1.0447054 0.05123429  0.00e+00 0.9348188 0.9544660 1.0447054 1.1349449 1.1545921
rh_S_orbital-H_Shaped        0.9901987 0.04560054  0.00e+00 0.8923953 0.9098820 0.9901987 1.0705154 1.0880022
rh_S_parieto_occipital       1.1567080 0.04291544  0.00e+00 1.0646636 1.0811206 1.1567080 1.2322954 1.2487525
rh_S_pericallosal            1.1086795 0.05462464  0.00e+00 0.9915214 1.0124686 1.1086795 1.2048905 1.2258377
rh_S_postcentral             0.9094679 0.03383094  0.00e+00 0.8369078 0.8498811 0.9094679 0.9690547 0.9820281
rh_S_precentral-inf-part     0.9955903 0.04130275  0.00e+00 0.9070048 0.9228434 0.9955903 1.0683373 1.0841759
rh_S_precentral-sup-part     0.8609857 0.03668857  0.00e+00 0.7822965 0.7963657 0.8609857 0.9256056 0.9396748
rh_S_suborbital              0.9356108 0.07322247  1.00e-08 0.7785642 0.8066433 0.9356108 1.0645783 1.0926574
rh_S_subparietal             1.2199679 0.03410322  0.00e+00 1.1468238 1.1599016 1.2199679 1.2800342 1.2931120
rh_S_temporal_inf            0.9473096 0.05658370  0.00e+00 0.8259496 0.8476481 0.9473096 1.0469710 1.0686696
rh_S_temporal_sup            1.0352048 0.05316163  0.00e+00 0.9211845 0.9415707 1.0352048 1.1288389 1.1492252
rh_S_temporal_transverse     1.2136755 0.04545122  0.00e+00 1.1161923 1.1336218 1.2136755 1.2937292 1.3111587


