===== Summary of variable information =====
Total number of ROIs: 148
Response variable Y - mean: 0.992546; SD: 0.239782
   Min. 1st Qu.  Median    Mean 3rd Qu.    Max. 
0.06911 0.82719 0.99780 0.99255 1.16395 1.59975 


Data structure:
'data.frame':	2219 obs. of  3 variables:
 $ Subj: Factor w/ 15 levels "1","2","3","4",..: 1 1 1 1 1 1 1 1 1 1 ...
 $ ROI : Factor w/ 148 levels "lh_G_and_S_cingul-Ant",..: 17 1 2 3 4 5 6 7 8 9 ...
 $ Y   : num  1.113 0.989 1.018 1.061 0.506 ...
Subjects:
  1   2   3   4   5   6   7   8   9  10  11  12  13  14  15 
148 148 147 148 148 148 148 148 148 148 148 148 148 148 148 
ROIs:
       lh_G_and_S_cingul-Ant    lh_G_and_S_cingul-Mid-Ant 
                          15                           15 
  lh_G_and_S_cingul-Mid-Post      lh_G_and_S_frontomargin 
                          15                           15 
    lh_G_and_S_occipital_inf       lh_G_and_S_paracentral 
                          15                           15 
       lh_G_and_S_subcentral  lh_G_and_S_transv_frontopol 
                          15                           15 
     lh_G_cingul-Post-dorsal     lh_G_cingul-Post-ventral 
                          15                           15 
                 lh_G_cuneus     lh_G_front_inf-Opercular 
                          15                           15 
      lh_G_front_inf-Orbital      lh_G_front_inf-Triangul 
                          15                           15 
           lh_G_front_middle               lh_G_front_sup 
                          15                           15 
  lh_G_Ins_lg_and_S_cent_ins           lh_G_insular_short 
                          15                           15 
    lh_G_oc-temp_lat-fusifor     lh_G_oc-temp_med-Lingual 
                          15                           15 
    lh_G_oc-temp_med-Parahip        lh_G_occipital_middle 
                          15                           15 
          lh_G_occipital_sup                 lh_G_orbital 
                          15                           15 
     lh_G_pariet_inf-Angular     lh_G_pariet_inf-Supramar 
                          15                           15 
           lh_G_parietal_sup             lh_G_postcentral 
                          15                           15 
             lh_G_precentral               lh_G_precuneus 
                          15                           15 
                 lh_G_rectus             lh_G_subcallosal 
                          15                           15 
    lh_G_temp_sup-G_T_transv        lh_G_temp_sup-Lateral 
                          15                           15 
    lh_G_temp_sup-Plan_polar     lh_G_temp_sup-Plan_tempo 
                          15                           15 
           lh_G_temporal_inf         lh_G_temporal_middle 
                          15                           15 
     lh_Lat_Fis-ant-Horizont      lh_Lat_Fis-ant-Vertical 
                          15                           15 
             lh_Lat_Fis-post            lh_Pole_occipital 
                          15                           15 
            lh_Pole_temporal               lh_S_calcarine 
                          15                           15 
                lh_S_central       lh_S_cingul-Marginalis 
                          15                           15 
    lh_S_circular_insula_ant     lh_S_circular_insula_inf 
                          15                           15 
    lh_S_circular_insula_sup       lh_S_collat_transv_ant 
                          15                           15 
     lh_S_collat_transv_post               lh_S_front_inf 
                          15                           15 
           lh_S_front_middle               lh_S_front_sup 
                          15                           15 
     lh_S_interm_prim-Jensen lh_S_intrapariet_and_P_trans 
                          15                           15 
  lh_S_oc_middle_and_Lunatus  lh_S_oc_sup_and_transversal 
                          15                           15 
            lh_S_oc-temp_lat lh_S_oc-temp_med_and_Lingual 
                          15                           15 
          lh_S_occipital_ant         lh_S_orbital_lateral 
                          15                           15 
     lh_S_orbital_med-olfact        lh_S_orbital-H_Shaped 
                          15                           15 
      lh_S_parieto_occipital            lh_S_pericallosal 
                          15                           15 
            lh_S_postcentral     lh_S_precentral-inf-part 
                          15                           15 
    lh_S_precentral-sup-part              lh_S_suborbital 
                          15                           15 
            lh_S_subparietal            lh_S_temporal_inf 
                          15                           15 
           lh_S_temporal_sup     lh_S_temporal_transverse 
                          15                           15 
       rh_G_and_S_cingul-Ant    rh_G_and_S_cingul-Mid-Ant 
                          15                           15 
  rh_G_and_S_cingul-Mid-Post      rh_G_and_S_frontomargin 
                          15                           15 
    rh_G_and_S_occipital_inf       rh_G_and_S_paracentral 
                          15                           15 
       rh_G_and_S_subcentral  rh_G_and_S_transv_frontopol 
                          15                           15 
     rh_G_cingul-Post-dorsal     rh_G_cingul-Post-ventral 
                          15                           15 
                 rh_G_cuneus     rh_G_front_inf-Opercular 
                          15                           15 
      rh_G_front_inf-Orbital      rh_G_front_inf-Triangul 
                          15                           15 
           rh_G_front_middle               rh_G_front_sup 
                          15                           15 
  rh_G_Ins_lg_and_S_cent_ins           rh_G_insular_short 
                          15                           15 
    rh_G_oc-temp_lat-fusifor     rh_G_oc-temp_med-Lingual 
                          15                           15 
    rh_G_oc-temp_med-Parahip        rh_G_occipital_middle 
                          15                           15 
          rh_G_occipital_sup                 rh_G_orbital 
                          15                           15 
     rh_G_pariet_inf-Angular                      (Other) 
                          15                          734 


10/10/25 08:12:55.713
   user  system elapsed 
226.482   2.230  87.683 

***** Summary information of model results *****

 Family: gaussian 
  Links: mu = identity 
Formula: Y ~ 1 + (1 | Subj) + (1 | ROI) 
   Data: lop$dataTable (Number of observations: 2219) 
  Draws: 4 chains, each with iter = 5000; warmup = 2500; thin = 1;
         total post-warmup draws = 10000

Multilevel Hyperparameters:
~ROI (Number of levels: 148) 
              Estimate Est.Error l-95% CI u-95% CI Rhat Bulk_ESS Tail_ESS
sd(Intercept)     0.14      0.01     0.12     0.16 1.00     1399     2738

~Subj (Number of levels: 15) 
              Estimate Est.Error l-95% CI u-95% CI Rhat Bulk_ESS Tail_ESS
sd(Intercept)     0.16      0.03     0.11     0.24 1.00     2134     3759

Regression Coefficients:
          Estimate Est.Error l-95% CI u-95% CI Rhat Bulk_ESS Tail_ESS
Intercept     0.99      0.04     0.91     1.08 1.00     1193     2273

Further Distributional Parameters:
      Estimate Est.Error l-95% CI u-95% CI Rhat Bulk_ESS Tail_ESS
sigma     0.14      0.00     0.13     0.14 1.00    16324     7225

Draws were sampled using sampling(NUTS). For each parameter, Bulk_ESS
and Tail_ESS are effective sample size measures, and Rhat is the potential
scale reduction factor on split chains (at convergence, Rhat = 1).


===== Summary of region effects for Intercept (RBA results) =====
                                  mean         SD P+      2.5%        5%       50%       95%     97.5%
lh_G_and_S_cingul-Ant        1.0814944 0.05454895  1 0.9733087 0.9921299 1.0819381 1.1702191 1.1873242
lh_G_and_S_cingul-Mid-Ant    1.0368016 0.05448838  1 0.9303404 0.9473463 1.0368256 1.1266875 1.1439770
lh_G_and_S_cingul-Mid-Post   1.0675971 0.05422555  1 0.9612656 0.9783341 1.0674370 1.1562339 1.1744434
lh_G_and_S_frontomargin      0.7446346 0.05464027  1 0.6368522 0.6551505 0.7441953 0.8343522 0.8507044
lh_G_and_S_occipital_inf     1.0171484 0.05403513  1 0.9109392 0.9286815 1.0167876 1.1066751 1.1245574
lh_G_and_S_paracentral       0.8156327 0.05433571  1 0.7083448 0.7266418 0.8156248 0.9043195 0.9218687
lh_G_and_S_subcentral        1.0307821 0.05467987  1 0.9246786 0.9424222 1.0301890 1.1207112 1.1395721
lh_G_and_S_transv_frontopol  0.5905304 0.05416468  1 0.4840379 0.5019442 0.5904113 0.6791887 0.6967565
lh_G_cingul-Post-dorsal      1.1793881 0.05447065  1 1.0725747 1.0915955 1.1794155 1.2686126 1.2889175
lh_G_cingul-Post-ventral     1.0815004 0.05422914  1 0.9744444 0.9925960 1.0811250 1.1694577 1.1884366
lh_G_cuneus                  1.1443478 0.05434161  1 1.0362864 1.0549660 1.1450946 1.2327273 1.2509573
lh_G_front_inf-Opercular     0.8383623 0.05448122  1 0.7343935 0.7494283 0.8383599 0.9289681 0.9458482
lh_G_front_inf-Orbital       0.7724905 0.05385557  1 0.6658596 0.6847845 0.7722053 0.8612016 0.8780042
lh_G_front_inf-Triangul      0.7638069 0.05472136  1 0.6562735 0.6759310 0.7645098 0.8537189 0.8727980
lh_G_front_middle            0.7833139 0.05394474  1 0.6770298 0.6943314 0.7833746 0.8708558 0.8903460
lh_G_front_sup               0.9289594 0.05437188  1 0.8239981 0.8409820 0.9279543 1.0184881 1.0366945
lh_G_Ins_lg_and_S_cent_ins   1.0842406 0.05406199  1 0.9784315 0.9966546 1.0843178 1.1733348 1.1915985
lh_G_insular_short           0.9849644 0.05396298  1 0.8830128 0.8977570 0.9843386 1.0731621 1.0934828
lh_G_oc-temp_lat-fusifor     1.1726424 0.05490336  1 1.0648829 1.0843984 1.1713807 1.2628915 1.2813939
lh_G_oc-temp_med-Lingual     1.1320324 0.05395623  1 1.0269057 1.0444099 1.1311417 1.2212726 1.2397721
lh_G_oc-temp_med-Parahip     1.1146682 0.05478308  1 1.0075010 1.0269798 1.1147681 1.2042412 1.2220084
lh_G_occipital_middle        0.8526977 0.05478848  1 0.7461219 0.7623958 0.8523065 0.9424850 0.9619557
lh_G_occipital_sup           0.9630346 0.05443304  1 0.8576213 0.8752393 0.9624043 1.0531873 1.0715844
lh_G_orbital                 0.9431268 0.05477347  1 0.8359268 0.8539405 0.9431762 1.0324288 1.0517858
lh_G_pariet_inf-Angular      0.8969006 0.05448474  1 0.7911348 0.8084983 0.8968235 0.9848590 1.0041100
lh_G_pariet_inf-Supramar     0.9015451 0.05451308  1 0.7935978 0.8137836 0.9011674 0.9908476 1.0099537
lh_G_parietal_sup            0.8040082 0.05468996  1 0.6976962 0.7161904 0.8032878 0.8948035 0.9137472
lh_G_postcentral             0.8320038 0.05437492  1 0.7257294 0.7434943 0.8317094 0.9212195 0.9408665
lh_G_precentral              0.8085844 0.05455777  1 0.7009906 0.7201483 0.8090287 0.8961832 0.9159661
lh_G_precuneus               1.0966631 0.05464273  1 0.9902396 1.0073676 1.0966084 1.1852506 1.2040292
lh_G_rectus                  0.8957063 0.05460992  1 0.7889150 0.8071826 0.8952455 0.9846861 1.0042095
lh_G_subcallosal             1.0677877 0.05410154  1 0.9611560 0.9789678 1.0679943 1.1562964 1.1742107
lh_G_temp_sup-G_T_transv     1.2611665 0.05505522  1 1.1505481 1.1697844 1.2613732 1.3494860 1.3695923
lh_G_temp_sup-Lateral        1.0294914 0.05501799  1 0.9219925 0.9410680 1.0290976 1.1205974 1.1399771
lh_G_temp_sup-Plan_polar     1.1479432 0.05410470  1 1.0410521 1.0584459 1.1482815 1.2362554 1.2544317
lh_G_temp_sup-Plan_tempo     1.0000749 0.05517352  1 0.8915420 0.9093053 0.9996089 1.0897195 1.1083055
lh_G_temporal_inf            1.0724048 0.05477880  1 0.9664325 0.9838927 1.0717938 1.1627736 1.1825098
lh_G_temporal_middle         0.9117575 0.05417289  1 0.8061674 0.8250997 0.9115505 1.0007828 1.0200323
lh_Lat_Fis-ant-Horizont      0.8822857 0.05425172  1 0.7758850 0.7940416 0.8815806 0.9718640 0.9892775
lh_Lat_Fis-ant-Vertical      0.8309674 0.05382674  1 0.7254087 0.7437765 0.8304696 0.9187406 0.9378991
lh_Lat_Fis-post              1.2432932 0.05420616  1 1.1363096 1.1555294 1.2435164 1.3322889 1.3500141
lh_Pole_occipital            1.0152449 0.05408919  1 0.9097166 0.9270482 1.0153588 1.1035631 1.1223797
lh_Pole_temporal             0.9500344 0.05437554  1 0.8457767 0.8633779 0.9490995 1.0386107 1.0576829
lh_S_calcarine               1.1940714 0.05445062  1 1.0886316 1.1054019 1.1940092 1.2841928 1.3031094
lh_S_central                 0.9429262 0.05502566  1 0.8347329 0.8533671 0.9424800 1.0324619 1.0524501
lh_S_cingul-Marginalis       1.1074902 0.05456524  1 0.9986021 1.0184804 1.1075335 1.1969408 1.2163267
lh_S_circular_insula_ant     1.0187137 0.05426548  1 0.9127349 0.9299344 1.0182282 1.1085310 1.1247815
lh_S_circular_insula_inf     1.1769131 0.05438897  1 1.0721253 1.0898019 1.1761453 1.2658823 1.2847336
lh_S_circular_insula_sup     1.1910658 0.05463749  1 1.0826244 1.1030292 1.1904505 1.2799911 1.2982844
lh_S_collat_transv_ant       0.9819317 0.05519620  1 0.8739567 0.8929406 0.9808407 1.0725940 1.0923357
lh_S_collat_transv_post      1.0189547 0.05494300  1 0.9109979 0.9296572 1.0179134 1.1093885 1.1277423
lh_S_front_inf               0.9672732 0.05443930  1 0.8607593 0.8785028 0.9671472 1.0571099 1.0755291
lh_S_front_middle            0.7871560 0.05426584  1 0.6819158 0.6989166 0.7872020 0.8747827 0.8939628
lh_S_front_sup               0.8174546 0.05481595  1 0.7102141 0.7283732 0.8169796 0.9062578 0.9242201
lh_S_interm_prim-Jensen      0.9293756 0.05450369  1 0.8238233 0.8415683 0.9282660 1.0200038 1.0369260
lh_S_intrapariet_and_P_trans 0.9823551 0.05492264  1 0.8738977 0.8931699 0.9816276 1.0738573 1.0937217
lh_S_oc_middle_and_Lunatus   0.9145224 0.05502145  1 0.8084450 0.8255918 0.9143579 1.0055588 1.0234543
lh_S_oc_sup_and_transversal  1.0121104 0.05476728  1 0.9054343 0.9219515 1.0119409 1.1008259 1.1193418
lh_S_oc-temp_lat             1.0646733 0.05459830  1 0.9576248 0.9771508 1.0639731 1.1531659 1.1723332
lh_S_oc-temp_med_and_Lingual 1.1612712 0.05525678  1 1.0531438 1.0707085 1.1608363 1.2522613 1.2701696
lh_S_occipital_ant           1.0276087 0.05447920  1 0.9210506 0.9393933 1.0273984 1.1177630 1.1360156
lh_S_orbital_lateral         0.6699107 0.05479198  1 0.5632234 0.5813508 0.6697477 0.7608827 0.7759862
lh_S_orbital_med-olfact      1.0101272 0.05466685  1 0.9028478 0.9230657 1.0095209 1.0995081 1.1197983
lh_S_orbital-H_Shaped        0.9532955 0.05410171  1 0.8455148 0.8655765 0.9533857 1.0415241 1.0594595
lh_S_parieto_occipital       1.1439541 0.05434783  1 1.0343765 1.0550700 1.1434578 1.2326364 1.2520935
lh_S_pericallosal            1.1307228 0.05434317  1 1.0235668 1.0425762 1.1303381 1.2185194 1.2375112
lh_S_postcentral             0.9122289 0.05441088  1 0.8056338 0.8238704 0.9121520 1.0012708 1.0196951
lh_S_precentral-inf-part     1.0148035 0.05426540  1 0.9083085 0.9276095 1.0142477 1.1052545 1.1240502
lh_S_precentral-sup-part     0.8593437 0.05520247  1 0.7511209 0.7703313 0.8589538 0.9499078 0.9676274
lh_S_suborbital              1.0322616 0.05438286  1 0.9265767 0.9444309 1.0323737 1.1219106 1.1392851
lh_S_subparietal             1.1984366 0.05483857  1 1.0920378 1.1095790 1.1981572 1.2876515 1.3069334
lh_S_temporal_inf            0.9781651 0.05459655  1 0.8700287 0.8885239 0.9781562 1.0660857 1.0848681
lh_S_temporal_sup            0.9204065 0.05477180  1 0.8155085 0.8317106 0.9194556 1.0116118 1.0279518
lh_S_temporal_transverse     1.1397134 0.05471606  1 1.0321131 1.0518314 1.1396219 1.2316930 1.2497592
rh_G_and_S_cingul-Ant        1.0638029 0.05426422  1 0.9570322 0.9759354 1.0629335 1.1531558 1.1717833
rh_G_and_S_cingul-Mid-Ant    1.0214127 0.05441103  1 0.9139291 0.9311391 1.0218021 1.1092357 1.1281941
rh_G_and_S_cingul-Mid-Post   1.0244320 0.05429334  1 0.9196627 0.9372251 1.0244859 1.1126320 1.1304861
rh_G_and_S_frontomargin      0.6861413 0.05461715  1 0.5784179 0.5972298 0.6863897 0.7762968 0.7954030
rh_G_and_S_occipital_inf     1.0073908 0.05490853  1 0.9015097 0.9181591 1.0068407 1.0964734 1.1153257
rh_G_and_S_paracentral       0.7705437 0.05491749  1 0.6652231 0.6819687 0.7701649 0.8591811 0.8793718
rh_G_and_S_subcentral        1.0477172 0.05453055  1 0.9394045 0.9573113 1.0477637 1.1375902 1.1560729
rh_G_and_S_transv_frontopol  0.6235337 0.05403409  1 0.5160826 0.5353719 0.6237519 0.7109396 0.7301653
rh_G_cingul-Post-dorsal      1.1752571 0.05492090  1 1.0665111 1.0858627 1.1748192 1.2639005 1.2829996
rh_G_cingul-Post-ventral     1.1307362 0.05342303  1 1.0258900 1.0445167 1.1305785 1.2191823 1.2400447
rh_G_cuneus                  1.1659134 0.05511912  1 1.0583086 1.0752374 1.1658950 1.2570847 1.2759545
rh_G_front_inf-Opercular     0.9355769 0.05467523  1 0.8276258 0.8463856 0.9356537 1.0258787 1.0439371
rh_G_front_inf-Orbital       0.8320879 0.05494251  1 0.7245153 0.7421849 0.8322821 0.9212299 0.9388371
rh_G_front_inf-Triangul      0.7900689 0.05513822  1 0.6814337 0.7003040 0.7902948 0.8813635 0.8992527
rh_G_front_middle            0.7682376 0.05437338  1 0.6635077 0.6809588 0.7676550 0.8573647 0.8748235
rh_G_front_sup               0.9251521 0.05450811  1 0.8178590 0.8350287 0.9253423 1.0141240 1.0318472
rh_G_Ins_lg_and_S_cent_ins   1.0014159 0.05454502  1 0.8931293 0.9112642 1.0008402 1.0917949 1.1075003
rh_G_insular_short           0.9568656 0.05423673  1 0.8490379 0.8672653 0.9578003 1.0439078 1.0637351
rh_G_oc-temp_lat-fusifor     1.1919106 0.05425295  1 1.0839580 1.1048431 1.1915072 1.2817363 1.2984880
rh_G_oc-temp_med-Lingual     1.1211830 0.05456691  1 1.0134782 1.0322611 1.1211443 1.2118340 1.2295871
rh_G_oc-temp_med-Parahip     1.0701092 0.05504954  1 0.9626074 0.9813812 1.0699564 1.1595738 1.1787717
rh_G_occipital_middle        0.9478531 0.05492675  1 0.8402980 0.8594440 0.9476694 1.0388083 1.0580846
rh_G_occipital_sup           0.9476390 0.05437854  1 0.8411459 0.8587420 0.9474235 1.0372190 1.0563583
rh_G_orbital                 1.0167685 0.05441171  1 0.9080723 0.9281788 1.0168978 1.1056830 1.1240304
rh_G_pariet_inf-Angular      0.9340343 0.05437935  1 0.8277708 0.8457375 0.9341132 1.0232387 1.0409452
rh_G_pariet_inf-Supramar     0.9883323 0.05365731  1 0.8852397 0.9016635 0.9880005 1.0768393 1.0939845
rh_G_parietal_sup            0.8089424 0.05433905  1 0.7029817 0.7197571 0.8087193 0.8963427 0.9120270
rh_G_postcentral             0.8939828 0.05430110  1 0.7883759 0.8060421 0.8933385 0.9828027 1.0012997
rh_G_precentral              0.8584812 0.05495663  1 0.7509986 0.7697263 0.8582826 0.9489079 0.9674097
rh_G_precuneus               1.0794571 0.05450888  1 0.9727204 0.9904757 1.0789976 1.1685659 1.1893464
rh_G_rectus                  0.9144277 0.05420828  1 0.8086023 0.8251269 0.9153784 1.0014026 1.0198065
rh_G_subcallosal             1.0827821 0.05458619  1 0.9772146 0.9940856 1.0829427 1.1718052 1.1897575
rh_G_temp_sup-G_T_transv     1.2224017 0.05414977  1 1.1152792 1.1342925 1.2223936 1.3119789 1.3290668
rh_G_temp_sup-Lateral        1.0328446 0.05350972  1 0.9283820 0.9451811 1.0321360 1.1199641 1.1382256
rh_G_temp_sup-Plan_polar     1.1222314 0.05490136  1 1.0129811 1.0315081 1.1222559 1.2114886 1.2307843
rh_G_temp_sup-Plan_tempo     1.0505146 0.05498443  1 0.9436804 0.9610517 1.0499026 1.1403229 1.1586682
rh_G_temporal_inf            1.0488474 0.05411498  1 0.9436972 0.9617468 1.0488933 1.1364527 1.1545389
rh_G_temporal_middle         0.8961338 0.05428381  1 0.7870785 0.8060418 0.8966686 0.9851249 1.0012935
rh_Lat_Fis-ant-Horizont      0.9096515 0.05481534  1 0.8024911 0.8204065 0.9097100 0.9988698 1.0171392
rh_Lat_Fis-ant-Vertical      0.9157456 0.05419750  1 0.8091834 0.8266708 0.9155983 1.0038580 1.0234338
rh_Lat_Fis-post              1.2271306 0.05431028  1 1.1210326 1.1373112 1.2273791 1.3158413 1.3332705
rh_Pole_occipital            1.0901992 0.05410825  1 0.9860131 1.0034673 1.0899516 1.1789232 1.1969664
rh_Pole_temporal             0.9970402 0.05491711  1 0.8883656 0.9073647 0.9970326 1.0870958 1.1056363
rh_S_calcarine               1.2209789 0.05449894  1 1.1146881 1.1316026 1.2205911 1.3098683 1.3275925
rh_S_central                 0.8846314 0.05399543  1 0.7790101 0.7962941 0.8840597 0.9722819 0.9898385
rh_S_cingul-Marginalis       1.0846153 0.05445413  1 0.9785814 0.9967076 1.0845372 1.1730739 1.1923389
rh_S_circular_insula_ant     1.0387130 0.05433532  1 0.9313753 0.9502541 1.0386411 1.1266172 1.1441168
rh_S_circular_insula_inf     1.1828553 0.05408027  1 1.0784060 1.0958583 1.1823873 1.2718911 1.2899394
rh_S_circular_insula_sup     1.1464119 0.05476317  1 1.0398245 1.0592193 1.1464215 1.2360277 1.2551156
rh_S_collat_transv_ant       0.9683968 0.05437829  1 0.8644918 0.8811482 0.9680605 1.0584401 1.0763944
rh_S_collat_transv_post      1.0450405 0.05390618  1 0.9383819 0.9578705 1.0446997 1.1342784 1.1529560
rh_S_front_inf               0.9855490 0.05471529  1 0.8767729 0.8957798 0.9857728 1.0741003 1.0947111
rh_S_front_middle            0.8355102 0.05454821  1 0.7284303 0.7469678 0.8356087 0.9245945 0.9416019
rh_S_front_sup               0.8590104 0.05396684  1 0.7536479 0.7704943 0.8594894 0.9473578 0.9656429
rh_S_interm_prim-Jensen      1.0035762 0.05505061  1 0.8970766 0.9147955 1.0038813 1.0941857 1.1123687
rh_S_intrapariet_and_P_trans 0.9411457 0.05455332  1 0.8341552 0.8534604 0.9406405 1.0306359 1.0494672
rh_S_oc_middle_and_Lunatus   1.0220336 0.05458587  1 0.9133283 0.9325704 1.0223597 1.1107411 1.1297148
rh_S_oc_sup_and_transversal  1.0436642 0.05527405  1 0.9355843 0.9534982 1.0435069 1.1341814 1.1521245
rh_S_oc-temp_lat             1.0399841 0.05451073  1 0.9346768 0.9509067 1.0398247 1.1293021 1.1489626
rh_S_oc-temp_med_and_Lingual 1.1591270 0.05437355  1 1.0506744 1.0700552 1.1589054 1.2473778 1.2672331
rh_S_occipital_ant           1.0381154 0.05418443  1 0.9340293 0.9505809 1.0378611 1.1265406 1.1468884
rh_S_orbital_lateral         0.7375194 0.05463407  1 0.6326585 0.6502027 0.7373953 0.8272430 0.8461551
rh_S_orbital_med-olfact      1.0417113 0.05500659  1 0.9319323 0.9523721 1.0422357 1.1307879 1.1501006
rh_S_orbital-H_Shaped        0.9910075 0.05462453  1 0.8843584 0.9013800 0.9904311 1.0807294 1.0992846
rh_S_parieto_occipital       1.1472832 0.05490584  1 1.0408719 1.0589402 1.1477068 1.2366419 1.2546795
rh_S_pericallosal            1.1017744 0.05463148  1 0.9957424 1.0135933 1.1022581 1.1920198 1.2109573
rh_S_postcentral             0.9147295 0.05495888  1 0.8075990 0.8255512 0.9147092 1.0055034 1.0240915
rh_S_precentral-inf-part     0.9959961 0.05467054  1 0.8882693 0.9079359 0.9962107 1.0852560 1.1050348
rh_S_precentral-sup-part     0.8694476 0.05454347  1 0.7586395 0.7806717 0.8693768 0.9580624 0.9767768
rh_S_suborbital              0.9501263 0.05492924  1 0.8412124 0.8587831 0.9501730 1.0397133 1.0590663
rh_S_subparietal             1.2062526 0.05434516  1 1.0998075 1.1165464 1.2064007 1.2958299 1.3133277
rh_S_temporal_inf            0.9509821 0.05432391  1 0.8444745 0.8618324 0.9510276 1.0388949 1.0578837
rh_S_temporal_sup            1.0330225 0.05467942  1 0.9272400 0.9447169 1.0333244 1.1233907 1.1400378
rh_S_temporal_transverse     1.2001306 0.05398952  1 1.0937392 1.1123350 1.1999257 1.2897426 1.3071659


===== Summary of region effects under GLM for Intercept (for reference only): no adjustment for multiplicity =====
                                  mean         SD 2-sided-p      2.5%        5%       50%       95%     97.5%
lh_G_and_S_cingul-Ant        1.0869884 0.05470554  0.00e+00 0.9696567 0.9906350 1.0869884 1.1833418 1.2043201
lh_G_and_S_cingul-Mid-Ant    1.0396706 0.03980520  0.00e+00 0.9542970 0.9695613 1.0396706 1.1097799 1.1250443
lh_G_and_S_cingul-Mid-Post   1.0723040 0.03961149  0.00e+00 0.9873458 1.0025359 1.0723040 1.1420721 1.1572622
lh_G_and_S_frontomargin      0.7279184 0.05121664  0.00e+00 0.6180696 0.6377100 0.7279184 0.8181268 0.8377672
lh_G_and_S_occipital_inf     1.0185160 0.06833470  0.00e+00 0.8719527 0.8981574 1.0185160 1.1388747 1.1650794
lh_G_and_S_paracentral       0.8035543 0.04484475  0.00e+00 0.7073719 0.7245688 0.8035543 0.8825399 0.8997368
lh_G_and_S_subcentral        1.0332864 0.03596904  0.00e+00 0.9561405 0.9699338 1.0332864 1.0966391 1.1104323
lh_G_and_S_transv_frontopol  0.5638675 0.04309585  0.00e+00 0.4714361 0.4879624 0.5638675 0.6397727 0.6562989
lh_G_cingul-Post-dorsal      1.1912973 0.03534294  0.00e+00 1.1154942 1.1290474 1.1912973 1.2535471 1.2671003
lh_G_cingul-Post-ventral     1.0870493 0.04801367  0.00e+00 0.9840703 1.0024824 1.0870493 1.1716163 1.1900284
lh_G_cuneus                  1.1535698 0.05210392  0.00e+00 1.0418180 1.0617986 1.1535698 1.2453409 1.2653216
lh_G_front_inf-Opercular     0.8277482 0.04608517  0.00e+00 0.7289053 0.7465779 0.8277482 0.9089185 0.9265910
lh_G_front_inf-Orbital       0.7576982 0.04293507  0.00e+00 0.6656116 0.6820762 0.7576982 0.8333202 0.8497848
lh_G_front_inf-Triangul      0.7481224 0.04941825  0.00e+00 0.6421307 0.6610815 0.7481224 0.8351632 0.8541140
lh_G_front_middle            0.7690517 0.04573671  0.00e+00 0.6709562 0.6884951 0.7690517 0.8496082 0.8671472
lh_G_front_sup               0.9241400 0.04191207  0.00e+00 0.8342475 0.8503198 0.9241400 0.9979601 1.0140324
lh_G_Ins_lg_and_S_cent_ins   1.0899267 0.06120433  0.00e+00 0.9586565 0.9821269 1.0899267 1.1977265 1.2211970
lh_G_insular_short           0.9840350 0.04413167  0.00e+00 0.8893820 0.9063054 0.9840350 1.0617645 1.0786880
lh_G_oc-temp_lat-fusifor     1.1841043 0.06511687  0.00e+00 1.0444425 1.0694133 1.1841043 1.2987953 1.3237661
lh_G_oc-temp_med-Lingual     1.1408852 0.05959690  0.00e+00 1.0130625 1.0359165 1.1408852 1.2458538 1.2687078
lh_G_oc-temp_med-Parahip     1.1219901 0.06311341  0.00e+00 0.9866253 1.0108279 1.1219901 1.2331524 1.2573549
lh_G_occipital_middle        0.8428993 0.07186792  1.00e-08 0.6887579 0.7163176 0.8428993 0.9694810 0.9970406
lh_G_occipital_sup           0.9599878 0.07245470  0.00e+00 0.8045879 0.8323726 0.9599878 1.0876030 1.1153877
lh_G_orbital                 0.9392761 0.04829375  0.00e+00 0.8356963 0.8542158 0.9392761 1.0243363 1.0428559
lh_G_pariet_inf-Angular      0.8902230 0.04614982  0.00e+00 0.7912414 0.8089388 0.8902230 0.9715071 0.9892045
lh_G_pariet_inf-Supramar     0.8948436 0.04397715  0.00e+00 0.8005220 0.8173862 0.8948436 0.9723010 0.9891652
lh_G_parietal_sup            0.7907209 0.04812546  0.00e+00 0.6875021 0.7059571 0.7907209 0.8754848 0.8939398
lh_G_postcentral             0.8211219 0.03508452  0.00e+00 0.7458731 0.7593271 0.8211219 0.8829166 0.8963707
lh_G_precentral              0.7961656 0.03261910  0.00e+00 0.7262046 0.7387133 0.7961656 0.8536180 0.8661266
lh_G_precuneus               1.1032584 0.04226519  0.00e+00 1.0126085 1.0288162 1.1032584 1.1777005 1.1939082
lh_G_rectus                  0.8886236 0.05467747  0.00e+00 0.7713521 0.7923196 0.8886236 0.9849275 1.0058951
lh_G_subcallosal             1.0725065 0.04936359  0.00e+00 0.9666322 0.9855620 1.0725065 1.1594511 1.1783809
lh_G_temp_sup-G_T_transv     1.2779451 0.04359094  0.00e+00 1.1844518 1.2011679 1.2779451 1.3547223 1.3714384
lh_G_temp_sup-Lateral        1.0315873 0.05520274  0.00e+00 0.9131891 0.9343581 1.0315873 1.1288164 1.1499854
lh_G_temp_sup-Plan_polar     1.1575617 0.06620865  0.00e+00 1.0155582 1.0409477 1.1575617 1.2741756 1.2995651
lh_G_temp_sup-Plan_tempo     1.0003038 0.04042279  0.00e+00 0.9136055 0.9291067 1.0003038 1.0715008 1.0870020
lh_G_temporal_inf            1.0771854 0.07609786  0.00e+00 0.9139717 0.9431534 1.0771854 1.2112173 1.2403990
lh_G_temporal_middle         0.9058796 0.07560088  1.00e-08 0.7437318 0.7727230 0.9058796 1.0390362 1.0680273
lh_Lat_Fis-ant-Horizont      0.8752432 0.04930673  0.00e+00 0.7694908 0.7883987 0.8752432 0.9620876 0.9809956
lh_Lat_Fis-ant-Vertical      0.8201769 0.04235061  0.00e+00 0.7293439 0.7455844 0.8201769 0.8947695 0.9110099
lh_Lat_Fis-post              1.2592925 0.03700652  0.00e+00 1.1799214 1.1941126 1.2592925 1.3244725 1.3386636
lh_Pole_occipital            1.0164628 0.06793730  0.00e+00 0.8707518 0.8968042 1.0164628 1.1361215 1.1621738
lh_Pole_temporal             0.9464395 0.06731379  0.00e+00 0.8020658 0.8278790 0.9464395 1.0649999 1.0908132
lh_S_calcarine               1.2070063 0.05300667  0.00e+00 1.0933184 1.1136452 1.2070063 1.3003675 1.3206943
lh_S_central                 0.9391905 0.04131025  0.00e+00 0.8505889 0.8664304 0.9391905 1.0119507 1.0277922
lh_S_cingul-Marginalis       1.1145322 0.03578877  0.00e+00 1.0377729 1.0514970 1.1145322 1.1775673 1.1912915
lh_S_circular_insula_ant     1.0199577 0.05905214  0.00e+00 0.8933035 0.9159486 1.0199577 1.1239669 1.1466120
lh_S_circular_insula_inf     1.1885137 0.06229379  0.00e+00 1.0549068 1.0787950 1.1885137 1.2982324 1.3221206
lh_S_circular_insula_sup     1.2036611 0.03360410  0.00e+00 1.1315875 1.1444739 1.2036611 1.2628483 1.2757347
lh_S_collat_transv_ant       0.9806541 0.07444413  0.00e+00 0.8209874 0.8495349 0.9806541 1.1117733 1.1403209
lh_S_collat_transv_post      1.0203806 0.05228240  0.00e+00 0.9082460 0.9282951 1.0203806 1.1124662 1.1325152
lh_S_front_inf               0.9656450 0.04156002  0.00e+00 0.8765076 0.8924449 0.9656450 1.0388451 1.0547824
lh_S_front_middle            0.7734134 0.04008632  0.00e+00 0.6874368 0.7028090 0.7734134 0.8440179 0.8593900
lh_S_front_sup               0.8054063 0.04749725  0.00e+00 0.7035348 0.7217489 0.8054063 0.8890636 0.9072777
lh_S_interm_prim-Jensen      0.9249619 0.06078338  0.00e+00 0.7945945 0.8179035 0.9249619 1.0320203 1.0553293
lh_S_intrapariet_and_P_trans 0.9809240 0.05629139  0.00e+00 0.8601910 0.8817774 0.9809240 1.0800706 1.1016570
lh_S_oc_middle_and_Lunatus   0.9085194 0.07126548  0.00e+00 0.7556701 0.7829988 0.9085194 1.0340400 1.0613686
lh_S_oc_sup_and_transversal  1.0130188 0.07084638  0.00e+00 0.8610684 0.8882364 1.0130188 1.1378013 1.1649692
lh_S_oc-temp_lat             1.0688606 0.05420087  0.00e+00 0.9526113 0.9733961 1.0688606 1.1643252 1.1851099
lh_S_oc-temp_med_and_Lingual 1.1719109 0.06731894  0.00e+00 1.0275262 1.0533414 1.1719109 1.2904805 1.3162957
lh_S_occipital_ant           1.0292423 0.07350069  0.00e+00 0.8715990 0.8997848 1.0292423 1.1586998 1.1868856
lh_S_orbital_lateral         0.6486925 0.04777735  0.00e+00 0.5462203 0.5645418 0.6486925 0.7328433 0.7511648
lh_S_orbital_med-olfact      1.0107307 0.05109578  0.00e+00 0.9011411 0.9207351 1.0107307 1.1007262 1.1203202
lh_S_orbital-H_Shaped        0.9504116 0.04522402  0.00e+00 0.8534158 0.8707581 0.9504116 1.0300652 1.0474075
lh_S_parieto_occipital       1.1536915 0.03802809  0.00e+00 1.0721293 1.0867122 1.1536915 1.2206707 1.2352536
lh_S_pericallosal            1.1392031 0.04939982  0.00e+00 1.0332510 1.0521947 1.1392031 1.2262115 1.2451552
lh_S_postcentral             0.9063161 0.02955481  0.00e+00 0.8429274 0.8542610 0.9063161 0.9583713 0.9697049
lh_S_precentral-inf-part     1.0159571 0.04294843  0.00e+00 0.9238418 0.9403116 1.0159571 1.0916026 1.1080723
lh_S_precentral-sup-part     0.8499013 0.04416277  0.00e+00 0.7551816 0.7721170 0.8499013 0.9276857 0.9446211
lh_S_suborbital              1.0347416 0.05834122  0.00e+00 0.9096121 0.9319846 1.0347416 1.1374986 1.1598711
lh_S_subparietal             1.2115978 0.03774712  0.00e+00 1.1306383 1.1451134 1.2115978 1.2780822 1.2925573
lh_S_temporal_inf            0.9767235 0.06772086  0.00e+00 0.8314767 0.8574460 0.9767235 1.0960009 1.1219703
lh_S_temporal_sup            0.9149303 0.08243452  3.00e-08 0.7381258 0.7697375 0.9149303 1.0601230 1.0917347
lh_S_temporal_transverse     1.1486317 0.05574579  0.00e+00 1.0290689 1.0504461 1.1486317 1.2468173 1.2681945
rh_G_and_S_cingul-Ant        1.0682102 0.04341265  0.00e+00 0.9750993 0.9917470 1.0682102 1.1446733 1.1613211
rh_G_and_S_cingul-Mid-Ant    1.0225595 0.03889676  0.00e+00 0.9391342 0.9540502 1.0225595 1.0910687 1.1059847
rh_G_and_S_cingul-Mid-Post   1.0258979 0.03712695  0.00e+00 0.9462685 0.9605058 1.0258979 1.0912899 1.1055272
rh_G_and_S_frontomargin      0.6652114 0.05717252  1.00e-08 0.5425885 0.5645128 0.6652114 0.7659099 0.7878342
rh_G_and_S_occipital_inf     1.0079606 0.07437880  0.00e+00 0.8484339 0.8769565 1.0079606 1.1389647 1.1674872
rh_G_and_S_paracentral       0.7556232 0.02954950  0.00e+00 0.6922458 0.7035773 0.7556232 0.8076690 0.8190005
rh_G_and_S_subcentral        1.0511425 0.03946890  0.00e+00 0.9664902 0.9816255 1.0511425 1.1206595 1.1357949
rh_G_and_S_transv_frontopol  0.5990822 0.07526631  1.45e-06 0.4376520 0.4665149 0.5990822 0.7316495 0.7605124
rh_G_cingul-Post-dorsal      1.1866638 0.03418369  0.00e+00 1.1133470 1.1264557 1.1866638 1.2468719 1.2599805
rh_G_cingul-Post-ventral     1.1391403 0.04862069  0.00e+00 1.0348593 1.0535042 1.1391403 1.2247764 1.2434213
rh_G_cuneus                  1.1769656 0.06169612  0.00e+00 1.0446406 1.0682996 1.1769656 1.2856316 1.3092906
rh_G_front_inf-Opercular     0.9311436 0.04361940  0.00e+00 0.8375893 0.8543163 0.9311436 1.0079709 1.0246979
rh_G_front_inf-Orbital       0.8211967 0.05649960  0.00e+00 0.7000171 0.7216834 0.8211967 0.9207100 0.9423763
rh_G_front_inf-Triangul      0.7761224 0.04405404  0.00e+00 0.6816359 0.6985296 0.7761224 0.8537153 0.8706090
rh_G_front_middle            0.7531060 0.03607801  0.00e+00 0.6757264 0.6895615 0.7531060 0.8166506 0.8304857
rh_G_front_sup               0.9203937 0.04936102  0.00e+00 0.8145249 0.8334537 0.9203937 1.0073338 1.0262626
rh_G_Ins_lg_and_S_cent_ins   1.0017188 0.04786892  0.00e+00 0.8990502 0.9174068 1.0017188 1.0860308 1.1043874
rh_G_insular_short           0.9542922 0.03904904  0.00e+00 0.8705403 0.8855147 0.9542922 1.0230696 1.0380440
rh_G_oc-temp_lat-fusifor     1.2045977 0.04784192  0.00e+00 1.1019870 1.1203333 1.2045977 1.2888622 1.3072085
rh_G_oc-temp_med-Lingual     1.1295572 0.05454902  0.00e+00 1.0125612 1.0334794 1.1295572 1.2256349 1.2465532
rh_G_oc-temp_med-Parahip     1.0748790 0.05048941  0.00e+00 0.9665900 0.9859515 1.0748790 1.1638065 1.1831680
rh_G_occipital_middle        0.9450769 0.07099145  0.00e+00 0.7928154 0.8200390 0.9450769 1.0701149 1.0973384
rh_G_occipital_sup           0.9441670 0.07492425  0.00e+00 0.7834705 0.8122022 0.9441670 1.0761318 1.1048635
rh_G_orbital                 1.0178111 0.05315401  0.00e+00 0.9038070 0.9241904 1.0178111 1.1114317 1.1318151
rh_G_pariet_inf-Angular      0.9297637 0.04929463  0.00e+00 0.8240372 0.8429405 0.9297637 1.0165868 1.0354901
rh_G_pariet_inf-Supramar     0.9874726 0.04675312  0.00e+00 0.8871971 0.9051258 0.9874726 1.0698193 1.0877480
rh_G_parietal_sup            0.7961251 0.05389652  0.00e+00 0.6805285 0.7011966 0.7961251 0.8910535 0.9117216
rh_G_postcentral             0.8871901 0.03146067  0.00e+00 0.8197136 0.8317781 0.8871901 0.9426021 0.9546665
rh_G_precentral              0.8491709 0.03562440  0.00e+00 0.7727642 0.7864253 0.8491709 0.9119165 0.9255777
rh_G_precuneus               1.0850317 0.04128340  0.00e+00 0.9964876 1.0123188 1.0850317 1.1577445 1.1735757
rh_G_rectus                  0.9093945 0.05467950  0.00e+00 0.7921187 0.8130870 0.9093945 1.0057021 1.0266704
rh_G_subcallosal             1.0883441 0.05237360  0.00e+00 0.9760140 0.9960980 1.0883441 1.1805903 1.2006743
rh_G_temp_sup-G_T_transv     1.2367391 0.03163875  0.00e+00 1.1688807 1.1810134 1.2367391 1.2924647 1.3045975
rh_G_temp_sup-Lateral        1.0346391 0.04628065  0.00e+00 0.9353770 0.9531245 1.0346391 1.1161537 1.1339012
rh_G_temp_sup-Plan_polar     1.1303068 0.04451014  0.00e+00 1.0348421 1.0519107 1.1303068 1.2087030 1.2257716
rh_G_temp_sup-Plan_tempo     1.0534976 0.03926760  0.00e+00 0.9692769 0.9843351 1.0534976 1.1226600 1.1377182
rh_G_temporal_inf            1.0518671 0.03416268  0.00e+00 0.9785955 0.9916960 1.0518671 1.1120382 1.1251388
rh_G_temporal_middle         0.8893820 0.05623971  0.00e+00 0.7687598 0.7903264 0.8893820 0.9884376 1.0100042
rh_Lat_Fis-ant-Horizont      0.9037550 0.04454958  0.00e+00 0.8082056 0.8252894 0.9037550 0.9822206 0.9993043
rh_Lat_Fis-ant-Vertical      0.9100776 0.04521567  0.00e+00 0.8130996 0.8304388 0.9100776 0.9897164 1.0070556
rh_Lat_Fis-post              1.2419336 0.03365261  0.00e+00 1.1697559 1.1826609 1.2419336 1.3012063 1.3141113
rh_Pole_occipital            1.0962746 0.06940261  0.00e+00 0.9474208 0.9740350 1.0962746 1.2185141 1.2451284
rh_Pole_temporal             0.9972596 0.04573583  0.00e+00 0.8991660 0.9167046 0.9972596 1.0778146 1.0953532
rh_S_calcarine               1.2355191 0.04973044  0.00e+00 1.1288579 1.1479284 1.2355191 1.3231099 1.3421803
rh_S_central                 0.8768026 0.03888465  0.00e+00 0.7934033 0.8083147 0.8768026 0.9452906 0.9602019
rh_S_cingul-Marginalis       1.0898623 0.02700400  0.00e+00 1.0319444 1.0422998 1.0898623 1.1374247 1.1477801
rh_S_circular_insula_ant     1.0415097 0.05159962  0.00e+00 0.9308395 0.9506267 1.0415097 1.1323926 1.1521798
rh_S_circular_insula_inf     1.1950972 0.04253462  0.00e+00 1.1038695 1.1201805 1.1950972 1.2700139 1.2863249
rh_S_circular_insula_sup     1.1562472 0.03314264  0.00e+00 1.0851632 1.0978727 1.1562472 1.2146216 1.2273311
rh_S_collat_transv_ant       0.9662997 0.04442876  0.00e+00 0.8710095 0.8880469 0.9662997 1.0445525 1.0615899
rh_S_collat_transv_post      1.0481110 0.06311581  0.00e+00 0.9127411 0.9369445 1.0481110 1.1592775 1.1834810
rh_S_front_inf               0.9848288 0.04023328  0.00e+00 0.8985370 0.9139655 0.9848288 1.0556921 1.0711206
rh_S_front_middle            0.8246281 0.04342678  0.00e+00 0.7314869 0.7481401 0.8246281 0.9011161 0.9177693
rh_S_front_sup               0.8497383 0.04094300  0.00e+00 0.7619243 0.7776249 0.8497383 0.9218516 0.9375523
rh_S_interm_prim-Jensen      1.0034449 0.03526135  0.00e+00 0.9278169 0.9413388 1.0034449 1.0655511 1.0790730
rh_S_intrapariet_and_P_trans 0.9376198 0.03584408  0.00e+00 0.8607419 0.8744873 0.9376198 1.0007523 1.0144977
rh_S_oc_middle_and_Lunatus   1.0233572 0.06721417  0.00e+00 0.8791971 0.9049722 1.0233572 1.1417422 1.1675172
rh_S_oc_sup_and_transversal  1.0465446 0.05523295  0.00e+00 0.9280817 0.9492622 1.0465446 1.1438270 1.1650075
rh_S_oc-temp_lat             1.0427501 0.05148598  0.00e+00 0.9323237 0.9520673 1.0427501 1.1334329 1.1531766
rh_S_oc-temp_med_and_Lingual 1.1695946 0.05198297  0.00e+00 1.0581022 1.0780364 1.1695946 1.2611527 1.2810870
rh_S_occipital_ant           1.0410140 0.06189195  0.00e+00 0.9082690 0.9320031 1.0410140 1.1500249 1.1737591
rh_S_orbital_lateral         0.7203889 0.05262909  0.00e+00 0.6075107 0.6276927 0.7203889 0.8130850 0.8332671
rh_S_orbital_med-olfact      1.0447054 0.05123429  0.00e+00 0.9348188 0.9544660 1.0447054 1.1349449 1.1545921
rh_S_orbital-H_Shaped        0.9901987 0.04560054  0.00e+00 0.8923953 0.9098820 0.9901987 1.0705154 1.0880022
rh_S_parieto_occipital       1.1567080 0.04291544  0.00e+00 1.0646636 1.0811206 1.1567080 1.2322954 1.2487525
rh_S_pericallosal            1.1086795 0.05462464  0.00e+00 0.9915214 1.0124686 1.1086795 1.2048905 1.2258377
rh_S_postcentral             0.9094679 0.03383094  0.00e+00 0.8369078 0.8498811 0.9094679 0.9690547 0.9820281
rh_S_precentral-inf-part     0.9955903 0.04130275  0.00e+00 0.9070048 0.9228434 0.9955903 1.0683373 1.0841759
rh_S_precentral-sup-part     0.8609857 0.03668857  0.00e+00 0.7822965 0.7963657 0.8609857 0.9256056 0.9396748
rh_S_suborbital              0.9356108 0.07322247  1.00e-08 0.7785642 0.8066433 0.9356108 1.0645783 1.0926574
rh_S_subparietal             1.2199679 0.03410322  0.00e+00 1.1468238 1.1599016 1.2199679 1.2800342 1.2931120
rh_S_temporal_inf            0.9473096 0.05658370  0.00e+00 0.8259496 0.8476481 0.9473096 1.0469710 1.0686696
rh_S_temporal_sup            1.0352048 0.05316163  0.00e+00 0.9211845 0.9415707 1.0352048 1.1288389 1.1492252
rh_S_temporal_transverse     1.2136755 0.04545122  0.00e+00 1.1161923 1.1336218 1.2136755 1.2937292 1.3111587


