===== Summary of variable information =====
Total number of ROIs: 148
Response variable Y - mean: 0.093197; SD: 0.118858
    Min.  1st Qu.   Median     Mean  3rd Qu.     Max. 
-0.03903  0.01710  0.04989  0.09320  0.12517  0.73955 


Data structure:
'data.frame':	2219 obs. of  3 variables:
 $ Subj: Factor w/ 15 levels "1","2","3","4",..: 1 1 1 1 1 1 1 1 1 1 ...
 $ ROI : Factor w/ 148 levels "lh_G_and_S_cingul-Ant",..: 17 1 2 3 4 5 6 7 8 9 ...
 $ Y   : num  0.17831 0.00286 0.06251 0.1053 0.0063 ...
Subjects:
  1   2   3   4   5   6   7   8   9  10  11  12  13  14  15 
148 148 147 148 148 148 148 148 148 148 148 148 148 148 148 
ROIs:
       lh_G_and_S_cingul-Ant    lh_G_and_S_cingul-Mid-Ant 
                          15                           15 
  lh_G_and_S_cingul-Mid-Post      lh_G_and_S_frontomargin 
                          15                           15 
    lh_G_and_S_occipital_inf       lh_G_and_S_paracentral 
                          15                           15 
       lh_G_and_S_subcentral  lh_G_and_S_transv_frontopol 
                          15                           15 
     lh_G_cingul-Post-dorsal     lh_G_cingul-Post-ventral 
                          15                           15 
                 lh_G_cuneus     lh_G_front_inf-Opercular 
                          15                           15 
      lh_G_front_inf-Orbital      lh_G_front_inf-Triangul 
                          15                           15 
           lh_G_front_middle               lh_G_front_sup 
                          15                           15 
  lh_G_Ins_lg_and_S_cent_ins           lh_G_insular_short 
                          15                           15 
    lh_G_oc-temp_lat-fusifor     lh_G_oc-temp_med-Lingual 
                          15                           15 
    lh_G_oc-temp_med-Parahip        lh_G_occipital_middle 
                          15                           15 
          lh_G_occipital_sup                 lh_G_orbital 
                          15                           15 
     lh_G_pariet_inf-Angular     lh_G_pariet_inf-Supramar 
                          15                           15 
           lh_G_parietal_sup             lh_G_postcentral 
                          15                           15 
             lh_G_precentral               lh_G_precuneus 
                          15                           15 
                 lh_G_rectus             lh_G_subcallosal 
                          15                           15 
    lh_G_temp_sup-G_T_transv        lh_G_temp_sup-Lateral 
                          15                           15 
    lh_G_temp_sup-Plan_polar     lh_G_temp_sup-Plan_tempo 
                          15                           15 
           lh_G_temporal_inf         lh_G_temporal_middle 
                          15                           15 
     lh_Lat_Fis-ant-Horizont      lh_Lat_Fis-ant-Vertical 
                          15                           15 
             lh_Lat_Fis-post            lh_Pole_occipital 
                          15                           15 
            lh_Pole_temporal               lh_S_calcarine 
                          15                           15 
                lh_S_central       lh_S_cingul-Marginalis 
                          15                           15 
    lh_S_circular_insula_ant     lh_S_circular_insula_inf 
                          15                           15 
    lh_S_circular_insula_sup       lh_S_collat_transv_ant 
                          15                           15 
     lh_S_collat_transv_post               lh_S_front_inf 
                          15                           15 
           lh_S_front_middle               lh_S_front_sup 
                          15                           15 
     lh_S_interm_prim-Jensen lh_S_intrapariet_and_P_trans 
                          15                           15 
  lh_S_oc_middle_and_Lunatus  lh_S_oc_sup_and_transversal 
                          15                           15 
            lh_S_oc-temp_lat lh_S_oc-temp_med_and_Lingual 
                          15                           15 
          lh_S_occipital_ant         lh_S_orbital_lateral 
                          15                           15 
     lh_S_orbital_med-olfact        lh_S_orbital-H_Shaped 
                          15                           15 
      lh_S_parieto_occipital            lh_S_pericallosal 
                          15                           15 
            lh_S_postcentral     lh_S_precentral-inf-part 
                          15                           15 
    lh_S_precentral-sup-part              lh_S_suborbital 
                          15                           15 
            lh_S_subparietal            lh_S_temporal_inf 
                          15                           15 
           lh_S_temporal_sup     lh_S_temporal_transverse 
                          15                           15 
       rh_G_and_S_cingul-Ant    rh_G_and_S_cingul-Mid-Ant 
                          15                           15 
  rh_G_and_S_cingul-Mid-Post      rh_G_and_S_frontomargin 
                          15                           15 
    rh_G_and_S_occipital_inf       rh_G_and_S_paracentral 
                          15                           15 
       rh_G_and_S_subcentral  rh_G_and_S_transv_frontopol 
                          15                           15 
     rh_G_cingul-Post-dorsal     rh_G_cingul-Post-ventral 
                          15                           15 
                 rh_G_cuneus     rh_G_front_inf-Opercular 
                          15                           15 
      rh_G_front_inf-Orbital      rh_G_front_inf-Triangul 
                          15                           15 
           rh_G_front_middle               rh_G_front_sup 
                          15                           15 
  rh_G_Ins_lg_and_S_cent_ins           rh_G_insular_short 
                          15                           15 
    rh_G_oc-temp_lat-fusifor     rh_G_oc-temp_med-Lingual 
                          15                           15 
    rh_G_oc-temp_med-Parahip        rh_G_occipital_middle 
                          15                           15 
          rh_G_occipital_sup                 rh_G_orbital 
                          15                           15 
     rh_G_pariet_inf-Angular                      (Other) 
                          15                          734 


10/09/25 09:44:46.222
   user  system elapsed 
208.567   2.076  73.581 

***** Summary information of model results *****

 Family: student 
  Links: mu = identity 
Formula: Y ~ 1 + (1 | Subj) + (1 | ROI) 
   Data: lop$dataTable (Number of observations: 2219) 
  Draws: 4 chains, each with iter = 5000; warmup = 2500; thin = 1;
         total post-warmup draws = 10000

Multilevel Hyperparameters:
~ROI (Number of levels: 148) 
              Estimate Est.Error l-95% CI u-95% CI Rhat Bulk_ESS Tail_ESS
sd(Intercept)     0.06      0.00     0.05     0.07 1.00     1385     2789

~Subj (Number of levels: 15) 
              Estimate Est.Error l-95% CI u-95% CI Rhat Bulk_ESS Tail_ESS
sd(Intercept)     0.03      0.01     0.02     0.05 1.00     2026     3800

Regression Coefficients:
          Estimate Est.Error l-95% CI u-95% CI Rhat Bulk_ESS Tail_ESS
Intercept     0.07      0.01     0.05     0.09 1.00      867     2042

Further Distributional Parameters:
      Estimate Est.Error l-95% CI u-95% CI Rhat Bulk_ESS Tail_ESS
sigma     0.04      0.00     0.04     0.04 1.00     6181     7700
nu        1.95      0.14     1.71     2.25 1.00     6064     7361

Draws were sampled using sampling(NUTS). For each parameter, Bulk_ESS
and Tail_ESS are effective sample size measures, and Rhat is the potential
scale reduction factor on split chains (at convergence, Rhat = 1).


===== Summary of region effects for Intercept (RBA results) =====
                                   mean         SD     P+        2.5%          5%        50%        95%      97.5%
lh_G_and_S_cingul-Ant        0.02395500 0.01286829 0.9674 -0.00174589  0.00281528 0.02400378 0.04504584 0.04897962
lh_G_and_S_cingul-Mid-Ant    0.03334568 0.01374848 0.9920  0.00647353  0.01090123 0.03322562 0.05602936 0.06049346
lh_G_and_S_cingul-Mid-Post   0.05554585 0.01507859 1.0000  0.02672591  0.03152763 0.05503796 0.08076500 0.08602239
lh_G_and_S_frontomargin      0.02548723 0.01406176 0.9697 -0.00127603  0.00259711 0.02524337 0.04934464 0.05384664
lh_G_and_S_occipital_inf     0.00769580 0.01381337 0.7158 -0.01913549 -0.01494948 0.00765218 0.03041828 0.03512066
lh_G_and_S_paracentral       0.03183229 0.01326127 0.9898  0.00597500  0.01018693 0.03178326 0.05329653 0.05782039
lh_G_and_S_subcentral        0.15101992 0.02745002 1.0000  0.10071554  0.10730288 0.14966380 0.19833956 0.20724714
lh_G_and_S_transv_frontopol  0.02476427 0.01317705 0.9689 -0.00140220  0.00315810 0.02486771 0.04628726 0.05035940
lh_G_cingul-Post-dorsal      0.05579372 0.01433426 0.9998  0.02758702  0.03226265 0.05579968 0.07970065 0.08455137
lh_G_cingul-Post-ventral     0.06751441 0.01470264 1.0000  0.03890046  0.04379319 0.06758362 0.09182998 0.09675976
lh_G_cuneus                  0.02040095 0.01315873 0.9414 -0.00534195 -0.00113080 0.02017024 0.04215963 0.04635116
lh_G_front_inf-Opercular     0.05669489 0.01555509 0.9999  0.02671901  0.03160029 0.05636839 0.08268268 0.08771597
lh_G_front_inf-Orbital       0.05276565 0.01361837 1.0000  0.02583306  0.03044871 0.05289354 0.07480097 0.07967624
lh_G_front_inf-Triangul      0.06058457 0.01570401 0.9999  0.02989489  0.03487299 0.06035114 0.08683591 0.09124859
lh_G_front_middle            0.02641322 0.01314502 0.9771  0.00050028  0.00445570 0.02647510 0.04776171 0.05158050
lh_G_front_sup               0.02743238 0.01350144 0.9780  0.00089748  0.00551999 0.02746502 0.04953373 0.05404881
lh_G_Ins_lg_and_S_cent_ins   0.10517072 0.02223618 1.0000  0.06219162  0.06902678 0.10500219 0.14195806 0.14888032
lh_G_insular_short           0.07064788 0.01865825 0.9999  0.03560519  0.04120394 0.06997842 0.10279401 0.10896031
lh_G_oc-temp_lat-fusifor     0.09272654 0.01459775 1.0000  0.06394911  0.06869680 0.09273869 0.11657189 0.12146110
lh_G_oc-temp_med-Lingual     0.02274253 0.01450740 0.9417 -0.00602692 -0.00108036 0.02286851 0.04597576 0.05111740
lh_G_oc-temp_med-Parahip     0.06544765 0.01371388 1.0000  0.03873904  0.04302561 0.06535436 0.08804322 0.09254835
lh_G_occipital_middle        0.01274498 0.01378789 0.8235 -0.01457786 -0.01012662 0.01285859 0.03501520 0.03960777
lh_G_occipital_sup           0.01014883 0.01423175 0.7646 -0.01809883 -0.01330497 0.01025131 0.03333756 0.03809592
lh_G_orbital                 0.14844594 0.01600569 1.0000  0.11655437  0.12182308 0.14873720 0.17456666 0.17943787
lh_G_pariet_inf-Angular      0.04250056 0.01400844 0.9982  0.01475478  0.01941460 0.04247928 0.06547018 0.07010078
lh_G_pariet_inf-Supramar     0.14187900 0.01983137 1.0000  0.10620406  0.11152744 0.14090919 0.17579409 0.18401294
lh_G_parietal_sup            0.02332430 0.01351194 0.9585 -0.00328807  0.00108646 0.02335926 0.04520502 0.04957673
lh_G_postcentral             0.09691866 0.01836466 1.0000  0.06280851  0.06812761 0.09613361 0.12809356 0.13511284
lh_G_precentral              0.06233310 0.01926406 0.9998  0.02638873  0.03185686 0.06174350 0.09530002 0.10235391
lh_G_precuneus               0.02416406 0.01360650 0.9629 -0.00263616  0.00206872 0.02415064 0.04640708 0.05085496
lh_G_rectus                  0.04547415 0.01407866 0.9991  0.01713566  0.02184021 0.04566492 0.06819014 0.07276544
lh_G_subcallosal             0.06088082 0.01638705 1.0000  0.02856963  0.03374910 0.06091125 0.08796308 0.09305144
lh_G_temp_sup-G_T_transv     0.25417724 0.05523119 1.0000  0.16065979  0.16998264 0.25446286 0.34215835 0.35331932
lh_G_temp_sup-Lateral        0.08528879 0.01775814 1.0000  0.05100128  0.05635788 0.08497592 0.11459688 0.12040407
lh_G_temp_sup-Plan_polar     0.09111366 0.01730149 1.0000  0.05823387  0.06278515 0.09075842 0.11996037 0.12551829
lh_G_temp_sup-Plan_tempo     0.23601985 0.02339803 1.0000  0.18985352  0.19739939 0.23605874 0.27411832 0.28243275
lh_G_temporal_inf            0.08800337 0.01513233 1.0000  0.05874030  0.06351805 0.08762852 0.11337769 0.11831372
lh_G_temporal_middle         0.07278472 0.01679961 0.9999  0.04030152  0.04587789 0.07248538 0.10070830 0.10613327
lh_Lat_Fis-ant-Horizont      0.05453823 0.01448971 0.9997  0.02538724  0.03018829 0.05474797 0.07825686 0.08217406
lh_Lat_Fis-ant-Vertical      0.10212428 0.01731569 1.0000  0.06883345  0.07408715 0.10190330 0.13099182 0.13638453
lh_Lat_Fis-post              0.11797767 0.01781069 1.0000  0.08308485  0.08866106 0.11808244 0.14723606 0.15263012
lh_Pole_occipital            0.00681821 0.01311063 0.7072 -0.01925709 -0.01503410 0.00711760 0.02781374 0.03231188
lh_Pole_temporal             0.03629166 0.01430211 0.9940  0.00819734  0.01307316 0.03641054 0.05977169 0.06398126
lh_S_calcarine               0.03962161 0.01388745 0.9978  0.01310319  0.01713629 0.03954327 0.06277669 0.06681386
lh_S_central                 0.10713751 0.01874854 1.0000  0.07158117  0.07716395 0.10654138 0.13866408 0.14501457
lh_S_cingul-Marginalis       0.05023931 0.01366702 0.9997  0.02308716  0.02770589 0.05027330 0.07217942 0.07644737
lh_S_circular_insula_ant     0.04508548 0.01412921 0.9994  0.01794160  0.02177626 0.04515474 0.06847191 0.07296248
lh_S_circular_insula_inf     0.07468997 0.01898409 1.0000  0.04008031  0.04536656 0.07364727 0.10694623 0.11549682
lh_S_circular_insula_sup     0.09197217 0.02191591 1.0000  0.05370815  0.05939867 0.09021738 0.13101276 0.13993298
lh_S_collat_transv_ant       0.06875444 0.01526877 1.0000  0.03937430  0.04412107 0.06860037 0.09399894 0.09887817
lh_S_collat_transv_post      0.01478093 0.01347122 0.8672 -0.01248177 -0.00704164 0.01470959 0.03687194 0.04144233
lh_S_front_inf               0.11646710 0.01777881 1.0000  0.08085158  0.08728575 0.11648454 0.14551110 0.15185588
lh_S_front_middle            0.02408754 0.01360944 0.9623 -0.00246040  0.00162650 0.02413157 0.04654657 0.05077893
lh_S_front_sup               0.02786890 0.01409253 0.9735 -0.00033456  0.00431039 0.02806353 0.05093405 0.05539667
lh_S_interm_prim-Jensen      0.05731433 0.01409239 0.9999  0.02953660  0.03411325 0.05731073 0.08057141 0.08511304
lh_S_intrapariet_and_P_trans 0.04129389 0.01476152 0.9974  0.01264362  0.01767214 0.04106641 0.06505882 0.07039844
lh_S_oc_middle_and_Lunatus   0.01355528 0.01374486 0.8387 -0.01372064 -0.00906683 0.01365596 0.03582304 0.04007142
lh_S_oc_sup_and_transversal  0.02528551 0.01331414 0.9693 -0.00122442  0.00323084 0.02545191 0.04691935 0.05090152
lh_S_oc-temp_lat             0.09066240 0.01460801 1.0000  0.06232968  0.06670595 0.09082296 0.11440464 0.11885233
lh_S_oc-temp_med_and_Lingual 0.12517270 0.01592233 1.0000  0.09392655  0.09912870 0.12515760 0.15139234 0.15665888
lh_S_occipital_ant           0.04206417 0.01424392 0.9979  0.01377524  0.01862554 0.04218211 0.06561534 0.07039580
lh_S_orbital_lateral         0.02399757 0.01440815 0.9534 -0.00442186  0.00054511 0.02404675 0.04763032 0.05216218
lh_S_orbital_med-olfact      0.18139102 0.01994001 1.0000  0.14033406  0.14751526 0.18202597 0.21309307 0.21836197
lh_S_orbital-H_Shaped        0.12242718 0.01596631 1.0000  0.09152813  0.09601872 0.12244561 0.14834051 0.15372747
lh_S_parieto_occipital       0.02113469 0.01342118 0.9424 -0.00507005 -0.00092246 0.02112031 0.04328321 0.04778634
lh_S_pericallosal            0.05044909 0.01431982 0.9996  0.02256253  0.02681994 0.05043788 0.07413234 0.07853036
lh_S_postcentral             0.05935810 0.01624072 0.9997  0.02731605  0.03289659 0.05935182 0.08621536 0.09146395
lh_S_precentral-inf-part     0.14272910 0.02637237 1.0000  0.09613829  0.10287574 0.14077909 0.18934236 0.19869084
lh_S_precentral-sup-part     0.05911865 0.01538060 0.9996  0.02898613  0.03348873 0.05906663 0.08416218 0.08935586
lh_S_suborbital              0.03175627 0.01405277 0.9876  0.00374438  0.00859838 0.03171876 0.05498146 0.05928783
lh_S_subparietal             0.05238436 0.01481145 0.9998  0.02295333  0.02800976 0.05248959 0.07660805 0.08109528
lh_S_temporal_inf            0.06566467 0.01662024 1.0000  0.03378638  0.03890401 0.06536294 0.09326045 0.09958777
lh_S_temporal_sup            0.05117201 0.01504142 0.9995  0.02156843  0.02679196 0.05088578 0.07597061 0.08070223
lh_S_temporal_transverse     0.20173452 0.01900062 1.0000  0.16297488  0.16927033 0.20263098 0.23152569 0.23758320
rh_G_and_S_cingul-Ant        0.02370381 0.01439262 0.9541 -0.00411553  0.00065538 0.02346336 0.04773145 0.05259499
rh_G_and_S_cingul-Mid-Ant    0.05279894 0.01483961 0.9996  0.02389606  0.02884792 0.05278855 0.07708059 0.08262467
rh_G_and_S_cingul-Mid-Post   0.04961513 0.01382807 0.9996  0.02245255  0.02727913 0.04946668 0.07287503 0.07729951
rh_G_and_S_frontomargin      0.03760954 0.01350220 0.9975  0.01150610  0.01576005 0.03734078 0.06030103 0.06444472
rh_G_and_S_occipital_inf     0.01790788 0.01373886 0.9057 -0.00946999 -0.00483587 0.01796552 0.04042614 0.04550037
rh_G_and_S_paracentral       0.02136900 0.01373415 0.9376 -0.00582663 -0.00143753 0.02160496 0.04387611 0.04792642
rh_G_and_S_subcentral        0.20534170 0.04527496 1.0000  0.12934719  0.13773389 0.20105756 0.28462536 0.29779724
rh_G_and_S_transv_frontopol  0.03786870 0.01389602 0.9960  0.01086403  0.01539034 0.03766176 0.06077566 0.06553199
rh_G_cingul-Post-dorsal      0.05681983 0.01499099 0.9998  0.02843204  0.03247768 0.05681050 0.08137660 0.08654960
rh_G_cingul-Post-ventral     0.07326523 0.01791400 1.0000  0.04045457  0.04548425 0.07265597 0.10413295 0.11004050
rh_G_cuneus                  0.02021070 0.01446110 0.9204 -0.00781723 -0.00340377 0.02008286 0.04426530 0.04860674
rh_G_front_inf-Opercular     0.10189511 0.01678954 1.0000  0.06938472  0.07426631 0.10160032 0.12992772 0.13517967
rh_G_front_inf-Orbital       0.05710207 0.01412549 1.0000  0.02973388  0.03401242 0.05699378 0.08033592 0.08502354
rh_G_front_inf-Triangul      0.06339155 0.01557376 1.0000  0.03295524  0.03808852 0.06342506 0.08938299 0.09454794
rh_G_front_middle            0.03624849 0.01344257 0.9975  0.01011722  0.01391072 0.03628638 0.05826240 0.06235011
rh_G_front_sup               0.02211165 0.01438655 0.9396 -0.00638842 -0.00139151 0.02203675 0.04596437 0.05074226
rh_G_Ins_lg_and_S_cent_ins   0.05420589 0.01518943 0.9997  0.02487658  0.02937823 0.05417558 0.07944336 0.08432968
rh_G_insular_short           0.04872644 0.01792595 0.9973  0.01362650  0.01966460 0.04865776 0.07855834 0.08471750
rh_G_oc-temp_lat-fusifor     0.07705218 0.01495609 1.0000  0.04767382  0.05260917 0.07688067 0.10164621 0.10718381
rh_G_oc-temp_med-Lingual     0.01528240 0.01284899 0.8856 -0.00995218 -0.00592618 0.01518994 0.03616913 0.04056726
rh_G_oc-temp_med-Parahip     0.07588762 0.01496430 1.0000  0.04684728  0.05127796 0.07558445 0.10123357 0.10593688
rh_G_occipital_middle        0.02089325 0.01371225 0.9364 -0.00578893 -0.00174105 0.02096083 0.04385900 0.04815943
rh_G_occipital_sup           0.00574612 0.01447221 0.6545 -0.02256244 -0.01778131 0.00546276 0.02976604 0.03470579
rh_G_orbital                 0.17904602 0.02213157 1.0000  0.13806938  0.14472507 0.17776381 0.21749991 0.22508364
rh_G_pariet_inf-Angular      0.06528090 0.01938280 0.9999  0.02869129  0.03426176 0.06500761 0.09757918 0.10363993
rh_G_pariet_inf-Supramar     0.23642288 0.01803646 1.0000  0.20040552  0.20693836 0.23642536 0.26633653 0.27170635
rh_G_parietal_sup            0.01360891 0.01297944 0.8513 -0.01180970 -0.00791923 0.01367981 0.03502503 0.03917455
rh_G_postcentral             0.20097025 0.02155520 1.0000  0.16039919  0.16683027 0.20020497 0.23739472 0.24466606
rh_G_precentral              0.09110647 0.01971819 1.0000  0.05296954  0.05886919 0.09093562 0.12343877 0.12952159
rh_G_precuneus               0.03414976 0.01324571 0.9940  0.00832901  0.01223725 0.03411147 0.05569791 0.05993028
rh_G_rectus                  0.10292437 0.01560877 1.0000  0.07287275  0.07765958 0.10275294 0.12879308 0.13426638
rh_G_subcallosal             0.06389426 0.01463201 1.0000  0.03512159  0.03965248 0.06388030 0.08750939 0.09230650
rh_G_temp_sup-G_T_transv     0.30521716 0.04569406 1.0000  0.22757034  0.23687392 0.30257812 0.38628674 0.40660614
rh_G_temp_sup-Lateral        0.18978151 0.02288212 1.0000  0.14611450  0.15383360 0.18900915 0.22853714 0.23728018
rh_G_temp_sup-Plan_polar     0.08104111 0.01588936 1.0000  0.05060156  0.05559926 0.08065403 0.10783033 0.11376492
rh_G_temp_sup-Plan_tempo     0.22765696 0.02969007 1.0000  0.17794947  0.18518548 0.22445487 0.28093186 0.29541091
rh_G_temporal_inf            0.09871583 0.01544061 1.0000  0.06846963  0.07377011 0.09853715 0.12426683 0.12899260
rh_G_temporal_middle         0.08284731 0.01484825 1.0000  0.05412100  0.05867831 0.08283288 0.10737759 0.11246737
rh_Lat_Fis-ant-Horizont      0.05329284 0.01490605 0.9999  0.02481485  0.02895433 0.05313655 0.07808716 0.08321166
rh_Lat_Fis-ant-Vertical      0.11292851 0.01802475 1.0000  0.07811915  0.08374529 0.11266209 0.14260738 0.14837153
rh_Lat_Fis-post              0.10986485 0.01870166 1.0000  0.07379756  0.07966950 0.10963764 0.14027789 0.14634515
rh_Pole_occipital            0.01748599 0.01303136 0.9132 -0.00837555 -0.00374007 0.01744290 0.03874398 0.04296938
rh_Pole_temporal             0.05511106 0.01735211 0.9996  0.02259673  0.02749536 0.05467196 0.08457109 0.09040696
rh_S_calcarine               0.05403386 0.01369733 1.0000  0.02711015  0.03139236 0.05405143 0.07659259 0.08088975
rh_S_central                 0.08678111 0.02006230 1.0000  0.05004324  0.05561439 0.08614137 0.12152287 0.12873041
rh_S_cingul-Marginalis       0.04637788 0.01394577 0.9998  0.01911720  0.02313819 0.04632672 0.06927284 0.07394393
rh_S_circular_insula_ant     0.07308938 0.01440110 1.0000  0.04505548  0.05010990 0.07279070 0.09722659 0.10197931
rh_S_circular_insula_inf     0.10458117 0.02196353 1.0000  0.06274120  0.06922060 0.10432164 0.14106039 0.14840921
rh_S_circular_insula_sup     0.10934156 0.02388211 1.0000  0.06765840  0.07363348 0.10757024 0.15122629 0.16102671
rh_S_collat_transv_ant       0.07768168 0.01834392 1.0000  0.04420538  0.04903437 0.07689394 0.10898822 0.11615835
rh_S_collat_transv_post      0.01560313 0.01328185 0.8816 -0.01049936 -0.00648500 0.01556522 0.03758560 0.04181972
rh_S_front_inf               0.16037802 0.02123197 1.0000  0.11595243  0.12379924 0.16128787 0.19380568 0.19962207
rh_S_front_middle            0.02645411 0.01297759 0.9792  0.00117358  0.00498778 0.02653480 0.04797791 0.05216628
rh_S_front_sup               0.03379890 0.01303154 0.9946  0.00841176  0.01271342 0.03376269 0.05520503 0.05993516
rh_S_interm_prim-Jensen      0.05692518 0.01503749 1.0000  0.02770162  0.03222118 0.05673982 0.08185100 0.08699202
rh_S_intrapariet_and_P_trans 0.04201678 0.01522858 0.9973  0.01274573  0.01733256 0.04181375 0.06751046 0.07294512
rh_S_oc_middle_and_Lunatus   0.00941966 0.01344093 0.7622 -0.01720688 -0.01259984 0.00957034 0.03137635 0.03564863
rh_S_oc_sup_and_transversal  0.05030506 0.01505615 0.9997  0.02091390  0.02544477 0.05018083 0.07553889 0.08021093
rh_S_oc-temp_lat             0.07259380 0.01846334 1.0000  0.03712085  0.04301621 0.07255515 0.10311595 0.10951937
rh_S_oc-temp_med_and_Lingual 0.11899220 0.01888740 1.0000  0.08274168  0.08819865 0.11868779 0.15058488 0.15656628
rh_S_occipital_ant           0.03709677 0.01551649 0.9938  0.00812215  0.01247318 0.03674214 0.06318597 0.06932769
rh_S_orbital_lateral         0.03953785 0.01347783 0.9977  0.01312848  0.01732854 0.03969282 0.06143082 0.06587091
rh_S_orbital_med-olfact      0.19032395 0.01779046 1.0000  0.15632726  0.16194629 0.19017699 0.21965866 0.22550899
rh_S_orbital-H_Shaped        0.11611803 0.01550479 1.0000  0.08605015  0.09126698 0.11592812 0.14157247 0.14770708
rh_S_parieto_occipital       0.02534875 0.01337319 0.9723 -0.00061187  0.00357066 0.02517874 0.04746232 0.05177120
rh_S_pericallosal            0.04302391 0.01456619 0.9983  0.01451831  0.01934550 0.04295513 0.06699347 0.07182336
rh_S_postcentral             0.09291074 0.01908606 1.0000  0.05651866  0.06228138 0.09234881 0.12524171 0.13296150
rh_S_precentral-inf-part     0.13224614 0.02421869 1.0000  0.08940504  0.09510116 0.13067770 0.17511631 0.18426127
rh_S_precentral-sup-part     0.06545390 0.01717796 0.9999  0.03320202  0.03820228 0.06493115 0.09446271 0.10019850
rh_S_suborbital              0.04250321 0.01377900 0.9993  0.01477201  0.01994549 0.04244109 0.06495914 0.06949234
rh_S_subparietal             0.05785202 0.01404031 1.0000  0.02980349  0.03498880 0.05788762 0.08073897 0.08543671
rh_S_temporal_inf            0.08459457 0.02171843 1.0000  0.04644961  0.05186297 0.08296841 0.12333623 0.13302858
rh_S_temporal_sup            0.10149690 0.01796592 1.0000  0.06664876  0.07214752 0.10120509 0.13157698 0.13689130
rh_S_temporal_transverse     0.31323029 0.03328070 1.0000  0.25147348  0.25953201 0.31351987 0.36777006 0.38126305


===== Summary of region effects under GLM for Intercept (for reference only): no adjustment for multiplicity =====
                                   mean         SD  2-sided-p        2.5%          5%        50%        95%      97.5%
lh_G_and_S_cingul-Ant        0.02195244 0.00647341 0.00438931  0.00806836  0.01055076 0.02195244 0.03335413 0.03583653
lh_G_and_S_cingul-Mid-Ant    0.03204634 0.00761391 0.00087524  0.01571612  0.01863588 0.03204634 0.04545679 0.04837655
lh_G_and_S_cingul-Mid-Post   0.07490462 0.01876288 0.00133641  0.03466224  0.04185737 0.07490462 0.10795188 0.11514700
lh_G_and_S_frontomargin      0.02400697 0.01110172 0.04838060  0.00019615  0.00445340 0.02400697 0.04356054 0.04781779
lh_G_and_S_occipital_inf     0.00672511 0.00519861 0.21672751 -0.00442479 -0.00243125 0.00672511 0.01588147 0.01787501
lh_G_and_S_paracentral       0.02779834 0.00770823 0.00286237  0.01126583  0.01422175 0.02779834 0.04137492 0.04433084
lh_G_and_S_subcentral        0.24523945 0.04849890 0.00017517  0.14121966  0.15981785 0.24523945 0.33066105 0.34925924
lh_G_and_S_transv_frontopol  0.02169422 0.00697931 0.00770334  0.00672510  0.00940150 0.02169422 0.03398694 0.03666334
lh_G_cingul-Post-dorsal      0.05459038 0.01263582 0.00070532  0.02748925  0.03233479 0.05459038 0.07684598 0.08169152
lh_G_cingul-Post-ventral     0.05960035 0.01080513 0.00007603  0.03642565  0.04056917 0.05960035 0.07863154 0.08277505
lh_G_cuneus                  0.01574360 0.00700305 0.04120067  0.00072356  0.00340906 0.01574360 0.02807814 0.03076364
lh_G_front_inf-Opercular     0.08035513 0.02194025 0.00256087  0.03329798  0.04171155 0.08035513 0.11899872 0.12741229
lh_G_front_inf-Orbital       0.05388370 0.00910027 0.00003729  0.03436556  0.03785530 0.05388370 0.06991211 0.07340185
lh_G_front_inf-Triangul      0.06555353 0.01662023 0.00146840  0.02990668  0.03628015 0.06555353 0.09482691 0.10120038
lh_G_front_middle            0.02455974 0.00585064 0.00089438  0.01201137  0.01425495 0.02455974 0.03486452 0.03710810
lh_G_front_sup               0.02877762 0.00854276 0.00459038  0.01045522  0.01373117 0.02877762 0.04382406 0.04710001
lh_G_Ins_lg_and_S_cent_ins   0.12430007 0.02587320 0.00028034  0.06880758  0.07872934 0.12430007 0.16987079 0.17979256
lh_G_insular_short           0.08862595 0.02068907 0.00075704  0.04425231  0.05218608 0.08862595 0.12506581 0.13299958
lh_G_oc-temp_lat-fusifor     0.11225168 0.02624329 0.00076642  0.05596542  0.06602910 0.11225168 0.15847425 0.16853794
lh_G_oc-temp_med-Lingual     0.01906942 0.00979223 0.07182881 -0.00193281  0.00182228 0.01906942 0.03631657 0.04007166
lh_G_oc-temp_med-Parahip     0.06936594 0.01495819 0.00038422  0.03728382  0.04301993 0.06936594 0.09571194 0.10144805
lh_G_occipital_middle        0.00863321 0.00541674 0.13330076 -0.00298455 -0.00090735 0.00863321 0.01817377 0.02025096
lh_G_occipital_sup           0.00689268 0.00511477 0.19919083 -0.00407741 -0.00211602 0.00689268 0.01590138 0.01786278
lh_G_orbital                 0.14765713 0.01888913 0.00000179  0.10714398  0.11438751 0.14765713 0.18092675 0.18817029
lh_G_pariet_inf-Angular      0.04401111 0.01159584 0.00196852  0.01914051  0.02358724 0.04401111 0.06443497 0.06888170
lh_G_pariet_inf-Supramar     0.22810143 0.03855720 0.00003763  0.14540447  0.16019025 0.22810143 0.29601261 0.31079839
lh_G_parietal_sup            0.01896369 0.00596228 0.00667297  0.00617586  0.00846225 0.01896369 0.02946512 0.03175151
lh_G_postcentral             0.14100069 0.02882390 0.00023791  0.07917956  0.09023285 0.14100069 0.19176852 0.20282181
lh_G_precentral              0.07704041 0.02074730 0.00231566  0.03254189  0.04049799 0.07704041 0.11358284 0.12153894
lh_G_precuneus               0.02347864 0.00532434 0.00059365  0.01205908  0.01410083 0.02347864 0.03285645 0.03489820
lh_G_rectus                  0.03965934 0.00986607 0.00126602  0.01849872  0.02228213 0.03965934 0.05703655 0.06081995
lh_G_subcallosal             0.05981108 0.01477641 0.00119854  0.02811882  0.03378523 0.05981108 0.08583692 0.09150333
lh_G_temp_sup-G_T_transv     0.33800682 0.04777038 0.00000555  0.23554953  0.25386836 0.33800682 0.42214528 0.44046410
lh_G_temp_sup-Lateral        0.15787116 0.04281784 0.00243911  0.06603604  0.08245567 0.15787116 0.23328665 0.24970629
lh_G_temp_sup-Plan_polar     0.11199764 0.02146510 0.00013031  0.06595957  0.07419093 0.11199764 0.14980434 0.15803570
lh_G_temp_sup-Plan_tempo     0.26631588 0.03268969 0.00000111  0.19620346  0.20873919 0.26631588 0.32389257 0.33642830
lh_G_temporal_inf            0.10879853 0.02356106 0.00039879  0.05826508  0.06730019 0.10879853 0.15029687 0.15933199
lh_G_temporal_middle         0.09438753 0.02315977 0.00113521  0.04471476  0.05359599 0.09438753 0.13517907 0.14406030
lh_Lat_Fis-ant-Horizont      0.05424850 0.01096371 0.00021424  0.03073368  0.03493801 0.05424850 0.07355900 0.07776333
lh_Lat_Fis-ant-Vertical      0.10951851 0.01682126 0.00001377  0.07344050  0.07989106 0.10951851 0.13914596 0.14559651
lh_Lat_Fis-post              0.13423454 0.02342952 0.00005210  0.08398321  0.09296788 0.13423454 0.17550120 0.18448588
lh_Pole_occipital            0.00221780 0.00482688 0.65295119 -0.00813482 -0.00628383 0.00221780 0.01071943 0.01257042
lh_Pole_temporal             0.04014353 0.01438526 0.01444499  0.00929023  0.01480663 0.04014353 0.06548043 0.07099684
lh_S_calcarine               0.04112975 0.01060901 0.00167639  0.01837568  0.02244399 0.04112975 0.05981551 0.06388381
lh_S_central                 0.14475066 0.03659882 0.00143739  0.06625399  0.08028878 0.14475066 0.20921253 0.22324732
lh_S_cingul-Marginalis       0.04876782 0.00731989 0.00001074  0.03306822  0.03587522 0.04876782 0.06166042 0.06446743
lh_S_circular_insula_ant     0.05085399 0.01449680 0.00347983  0.01976144  0.02532062 0.05085399 0.07638736 0.08194654
lh_S_circular_insula_inf     0.12582745 0.02972373 0.00083487  0.06207639  0.07347474 0.12582745 0.17818016 0.18957851
lh_S_circular_insula_sup     0.13978076 0.02743227 0.00016304  0.08094440  0.09146403 0.13978076 0.18809749 0.19861713
lh_S_collat_transv_ant       0.07408323 0.01550143 0.00029388  0.04083598  0.04678041 0.07408323 0.10138605 0.10733048
lh_S_collat_transv_post      0.01228373 0.00623775 0.06904199 -0.00109491  0.00129712 0.01228373 0.02327035 0.02566238
lh_S_front_inf               0.12609559 0.02343787 0.00009705  0.07582635  0.08481422 0.12609559 0.16737695 0.17636482
lh_S_front_middle            0.02130367 0.00661467 0.00616191  0.00711662  0.00965319 0.02130367 0.03295415 0.03549072
lh_S_front_sup               0.02893150 0.01266611 0.03848761  0.00176540  0.00662256 0.02893150 0.05124044 0.05609760
lh_S_interm_prim-Jensen      0.05915574 0.01014295 0.00004352  0.03740128  0.04129086 0.05915574 0.07702062 0.08091020
lh_S_intrapariet_and_P_trans 0.04721372 0.01369064 0.00391544  0.01785021  0.02310025 0.04721372 0.07132719 0.07657724
lh_S_oc_middle_and_Lunatus   0.00986123 0.00373663 0.01943935  0.00184696  0.00327987 0.00986123 0.01644258 0.01787549
lh_S_oc_sup_and_transversal  0.02572624 0.00913234 0.01371220  0.00613933  0.00964136 0.02572624 0.04181112 0.04531316
lh_S_oc-temp_lat             0.09764109 0.01424513 0.00000788  0.06708832  0.07255099 0.09764109 0.12273118 0.12819386
lh_S_oc-temp_med_and_Lingual 0.14742088 0.02614286 0.00006109  0.09135002  0.10137519 0.14742088 0.19346657 0.20349174
lh_S_occipital_ant           0.04166445 0.01122235 0.00231861  0.01759491  0.02189841 0.04166445 0.06143049 0.06573399
lh_S_orbital_lateral         0.02205553 0.00717721 0.00826391  0.00666194  0.00941423 0.02205553 0.03469683 0.03744912
lh_S_orbital_med-olfact      0.18348533 0.02095818 0.00000047  0.13853451  0.14657148 0.18348533 0.22039919 0.22843616
lh_S_orbital-H_Shaped        0.12411288 0.01787227 0.00000682  0.08578066  0.09263426 0.12411288 0.15559149 0.16244509
lh_S_parieto_occipital       0.01857386 0.00517780 0.00297297  0.00746859  0.00945415 0.01857386 0.02769356 0.02967913
lh_S_pericallosal            0.06141334 0.01932494 0.00670858  0.01996546  0.02737613 0.06141334 0.09545055 0.10286121
lh_S_postcentral             0.08008222 0.02515534 0.00663460  0.02612939  0.03577587 0.08008222 0.12438858 0.13403506
lh_S_precentral-inf-part     0.18126200 0.03146674 0.00004933  0.11377255  0.12583931 0.18126200 0.23668469 0.24875145
lh_S_precentral-sup-part     0.07036039 0.02093836 0.00466679  0.02545208  0.03348145 0.07036039 0.10723934 0.11526871
lh_S_suborbital              0.03174824 0.01061250 0.00971208  0.00898668  0.01305633 0.03174824 0.05044016 0.05450980
lh_S_subparietal             0.05323514 0.01444758 0.00245040  0.02224817  0.02778848 0.05323514 0.07868180 0.08422210
lh_S_temporal_inf            0.10499838 0.03090612 0.00433584  0.03871134  0.05056311 0.10499838 0.15943365 0.17128543
lh_S_temporal_sup            0.08017376 0.02533081 0.00688236  0.02584457  0.03555834 0.08017376 0.12478917 0.13450294
lh_S_temporal_transverse     0.24210960 0.03542529 0.00000814  0.16612990  0.17971467 0.24210960 0.30450453 0.31808930
rh_G_and_S_cingul-Ant        0.03017069 0.01060601 0.01298550  0.00742306  0.01149022 0.03017069 0.04885117 0.05291833
rh_G_and_S_cingul-Mid-Ant    0.05946206 0.01530409 0.00164856  0.02663805  0.03250681 0.05946206 0.08641732 0.09228608
rh_G_and_S_cingul-Mid-Post   0.05693330 0.01311687 0.00067836  0.02880041  0.03383043 0.05693330 0.08003618 0.08506619
rh_G_and_S_frontomargin      0.04133785 0.01271340 0.00579518  0.01407031  0.01894560 0.04133785 0.06373009 0.06860538
rh_G_and_S_occipital_inf     0.01589026 0.00629442 0.02428837  0.00239006  0.00480382 0.01589026 0.02697669 0.02939045
rh_G_and_S_paracentral       0.02043902 0.00998218 0.05984789 -0.00097062  0.00285731 0.02043902 0.03802073 0.04184866
rh_G_and_S_subcentral        0.34627953 0.05603205 0.00002394  0.22610272  0.24758970 0.34627953 0.44496935 0.46645633
rh_G_and_S_transv_frontopol  0.03973519 0.00978641 0.00116958  0.01874543  0.02249829 0.03973519 0.05697208 0.06072494
rh_G_cingul-Post-dorsal      0.05564507 0.01396601 0.00135715  0.02569096  0.03104660 0.05564507 0.08024354 0.08559918
rh_G_cingul-Post-ventral     0.09188089 0.02302780 0.00134212  0.04249117  0.05132179 0.09188089 0.13243998 0.14127061
rh_G_cuneus                  0.02068538 0.00889921 0.03565906  0.00159847  0.00501111 0.02068538 0.03635965 0.03977229
rh_G_front_inf-Opercular     0.13171005 0.02792101 0.00033025  0.07182544  0.08253250 0.13171005 0.18088761 0.19159467
rh_G_front_inf-Orbital       0.07586708 0.01921322 0.00145550  0.03465882  0.04202664 0.07586708 0.10970753 0.11707535
rh_G_front_inf-Triangul      0.09136494 0.02727858 0.00477032  0.03285822  0.04331891 0.09136494 0.13941097 0.14987167
rh_G_front_middle            0.03976505 0.01357093 0.01096803  0.01065831  0.01586244 0.03976505 0.06366766 0.06887179
rh_G_front_sup               0.01928509 0.00746903 0.02172451  0.00326561  0.00612981 0.01928509 0.03244038 0.03530458
rh_G_Ins_lg_and_S_cent_ins   0.13087348 0.04266772 0.00835831  0.03936033  0.05572240 0.13087348 0.20602456 0.22238663
rh_G_insular_short           0.06912488 0.02241820 0.00809447  0.02104263  0.02963949 0.06912488 0.10861028 0.11720713
rh_G_oc-temp_lat-fusifor     0.10365557 0.02305700 0.00050339  0.05420323  0.06304505 0.10365557 0.14426609 0.15310791
rh_G_oc-temp_med-Lingual     0.01453387 0.00777998 0.08281818 -0.00215252  0.00083091 0.01453387 0.02823682 0.03122026
rh_G_oc-temp_med-Parahip     0.08496874 0.02147817 0.00143460  0.03890266  0.04713903 0.08496874 0.12279846 0.13103483
rh_G_occipital_middle        0.01635763 0.00675161 0.02954997  0.00187687  0.00446596 0.01635763 0.02824930 0.03083839
rh_G_occipital_sup           0.00458293 0.00360022 0.22376565 -0.00313877 -0.00175817 0.00458293 0.01092404 0.01230464
rh_G_orbital                 0.21406963 0.02870265 0.00000307  0.15250857  0.16351536 0.21406963 0.26462389 0.27563069
rh_G_pariet_inf-Angular      0.08586007 0.02244496 0.00185556  0.03772041  0.04632753 0.08586007 0.12539261 0.13399973
rh_G_pariet_inf-Supramar     0.28398752 0.03633249 0.00000179  0.20606208  0.21999474 0.28398752 0.34798029 0.36191295
rh_G_parietal_sup            0.00969521 0.00514047 0.08020637 -0.00133000  0.00064125 0.00969521 0.01874917 0.02072042
rh_G_postcentral             0.25735091 0.03684580 0.00000640  0.17832453  0.19245403 0.25735091 0.32224779 0.33637729
rh_G_precentral              0.12697505 0.03050735 0.00095868  0.06154328  0.07324213 0.12697505 0.18070796 0.19240681
rh_G_precuneus               0.03181167 0.00682537 0.00036748  0.01717271  0.01979008 0.03181167 0.04383326 0.04645063
rh_G_rectus                  0.11048393 0.01850256 0.00003420  0.07079987  0.07789517 0.11048393 0.14307268 0.15016798
rh_G_subcallosal             0.08146448 0.02126768 0.00183708  0.03584983  0.04400549 0.08146448 0.11892347 0.12707913
rh_G_temp_sup-G_T_transv     0.42064131 0.04878557 0.00000057  0.31600667  0.33471479 0.42064131 0.50656783 0.52527596
rh_G_temp_sup-Lateral        0.23532590 0.04479654 0.00012213  0.13924686  0.15642529 0.23532590 0.31422651 0.33140493
rh_G_temp_sup-Plan_polar     0.11545403 0.02462897 0.00034920  0.06263014  0.07207477 0.11545403 0.15883328 0.16827792
rh_G_temp_sup-Plan_tempo     0.30448744 0.03893042 0.00000178  0.22098999  0.23591890 0.30448744 0.37305599 0.38798489
rh_G_temporal_inf            0.13282945 0.02810590 0.00032481  0.07254830  0.08332625 0.13282945 0.18233265 0.19311060
rh_G_temporal_middle         0.12181119 0.02975324 0.00109479  0.05799683  0.06940650 0.12181119 0.17421587 0.18562554
rh_Lat_Fis-ant-Horizont      0.05716251 0.01530486 0.00221855  0.02433685  0.03020591 0.05716251 0.08411911 0.08998816
rh_Lat_Fis-ant-Vertical      0.12660244 0.02005656 0.00001916  0.08358540  0.09127662 0.12660244 0.16192827 0.16961949
rh_Lat_Fis-post              0.15850521 0.03745507 0.00083707  0.07817208  0.09253522 0.15850521 0.22447519 0.23883833
rh_Pole_occipital            0.01510488 0.00651783 0.03613211  0.00112553  0.00362496 0.01510488 0.02658480 0.02908423
rh_Pole_temporal             0.07443229 0.02150916 0.00382403  0.02829973  0.03654799 0.07443229 0.11231660 0.12056485
rh_S_calcarine               0.05687870 0.01440578 0.00145655  0.02598137  0.03150565 0.05687870 0.08225175 0.08777603
rh_S_central                 0.15641017 0.04344487 0.00289734  0.06323019  0.07989028 0.15641017 0.23293006 0.24959015
rh_S_cingul-Marginalis       0.04988720 0.01271628 0.00153060  0.02261350  0.02748989 0.04988720 0.07228452 0.07716091
rh_S_circular_insula_ant     0.09185908 0.02160853 0.00080649  0.04551338  0.05379975 0.09185908 0.12991841 0.13820477
rh_S_circular_insula_inf     0.20748661 0.04856943 0.00077447  0.10331554  0.12194077 0.20748661 0.29303245 0.31165769
rh_S_circular_insula_sup     0.17873467 0.03759679 0.00030813  0.09809758  0.11251507 0.17873467 0.24495427 0.25937175
rh_S_collat_transv_ant       0.10572152 0.02557523 0.00101316  0.05086811  0.06067561 0.10572152 0.15076742 0.16057492
rh_S_collat_transv_post      0.01355302 0.00670354 0.06274364 -0.00082466  0.00174600 0.01355302 0.02536004 0.02793069
rh_S_front_inf               0.16213181 0.02969284 0.00008399  0.09844700  0.10983351 0.16213181 0.21443011 0.22581662
rh_S_front_middle            0.02795558 0.00791500 0.00331761  0.01097958  0.01401480 0.02795558 0.04189635 0.04493157
rh_S_front_sup               0.04022487 0.01260650 0.00653905  0.01318661  0.01802091 0.04022487 0.06242883 0.06726313
rh_S_interm_prim-Jensen      0.07230082 0.01959085 0.00242227  0.03028263  0.03779526 0.07230082 0.10680638 0.11431901
rh_S_intrapariet_and_P_trans 0.04348046 0.01203536 0.00282623  0.01766717  0.02228245 0.04348046 0.06467846 0.06929374
rh_S_oc_middle_and_Lunatus   0.00537143 0.00433086 0.23526045 -0.00391733 -0.00225655 0.00537143 0.01299942 0.01466020
rh_S_oc_sup_and_transversal  0.05566513 0.01598120 0.00365551  0.02138886  0.02751728 0.05566513 0.08381298 0.08994139
rh_S_oc-temp_lat             0.10497394 0.03026433 0.00376311  0.04006342  0.05166907 0.10497394 0.15827880 0.16988446
rh_S_oc-temp_med_and_Lingual 0.14629744 0.02827497 0.00014112  0.08565366  0.09649645 0.14629744 0.19609842 0.20694121
rh_S_occipital_ant           0.06012342 0.02275419 0.01931727  0.01132053  0.02004623 0.06012342 0.10020060 0.10892630
rh_S_orbital_lateral         0.05044129 0.01840780 0.01594846  0.01096049  0.01801945 0.05044129 0.08286313 0.08992209
rh_S_orbital_med-olfact      0.20990652 0.02516364 0.00000084  0.15593587  0.16558554 0.20990652 0.25422751 0.26387717
rh_S_orbital-H_Shaped        0.15256554 0.02691897 0.00005808  0.09483008  0.10515288 0.15256554 0.19997819 0.21030099
rh_S_parieto_occipital       0.03056887 0.01127903 0.01691396  0.00637776  0.01070300 0.03056887 0.05043474 0.05475998
rh_S_pericallosal            0.04069173 0.01011140 0.00125474  0.01900493  0.02288241 0.04069173 0.05850104 0.06237853
rh_S_postcentral             0.13655867 0.03359713 0.00115967  0.06449999  0.07738370 0.13655867 0.19573363 0.20861734
rh_S_precentral-inf-part     0.19024907 0.03356681 0.00005806  0.11825542  0.13112751 0.19024907 0.24937064 0.26224273
rh_S_precentral-sup-part     0.09658571 0.02748809 0.00344006  0.03762963  0.04817067 0.09658571 0.14500076 0.15554179
rh_S_suborbital              0.04368256 0.01292726 0.00493663  0.01595634  0.02091364 0.04368256 0.06645148 0.07140878
rh_S_subparietal             0.05935164 0.01510066 0.00150878  0.02696394  0.03275469 0.05935164 0.08594859 0.09173934
rh_S_temporal_inf            0.14095423 0.03386831 0.00095920  0.06831393  0.08130163 0.14095423 0.20060682 0.21359453
rh_S_temporal_sup            0.14402623 0.03946817 0.00262916  0.05937542  0.07451054 0.14402623 0.21354191 0.22867703
rh_S_temporal_transverse     0.43050992 0.05251172 0.00000103  0.31788348  0.33802050 0.43050992 0.52299935 0.54313637


