===== Summary of variable information =====
Total number of ROIs: 148
Response variable Y - mean: -22.131740; SD: 0.673610
   Min. 1st Qu.  Median    Mean 3rd Qu.    Max. 
 -23.92  -22.61  -22.09  -22.13  -21.62  -20.23 


Data structure:
'data.frame':	2219 obs. of  3 variables:
 $ Subj: Factor w/ 15 levels "1","2","3","4",..: 1 1 1 1 1 1 1 1 1 1 ...
 $ ROI : Factor w/ 148 levels "lh_G_and_S_cingul-Ant",..: 17 1 2 3 4 5 6 7 8 9 ...
 $ Y   : num  -22.3 -21.9 -22 -22 -22.4 ...
Subjects:
  1   2   3   4   5   6   7   8   9  10  11  12  13  14  15 
148 148 147 148 148 148 148 148 148 148 148 148 148 148 148 
ROIs:
       lh_G_and_S_cingul-Ant    lh_G_and_S_cingul-Mid-Ant 
                          15                           15 
  lh_G_and_S_cingul-Mid-Post      lh_G_and_S_frontomargin 
                          15                           15 
    lh_G_and_S_occipital_inf       lh_G_and_S_paracentral 
                          15                           15 
       lh_G_and_S_subcentral  lh_G_and_S_transv_frontopol 
                          15                           15 
     lh_G_cingul-Post-dorsal     lh_G_cingul-Post-ventral 
                          15                           15 
                 lh_G_cuneus     lh_G_front_inf-Opercular 
                          15                           15 
      lh_G_front_inf-Orbital      lh_G_front_inf-Triangul 
                          15                           15 
           lh_G_front_middle               lh_G_front_sup 
                          15                           15 
  lh_G_Ins_lg_and_S_cent_ins           lh_G_insular_short 
                          15                           15 
    lh_G_oc-temp_lat-fusifor     lh_G_oc-temp_med-Lingual 
                          15                           15 
    lh_G_oc-temp_med-Parahip        lh_G_occipital_middle 
                          15                           15 
          lh_G_occipital_sup                 lh_G_orbital 
                          15                           15 
     lh_G_pariet_inf-Angular     lh_G_pariet_inf-Supramar 
                          15                           15 
           lh_G_parietal_sup             lh_G_postcentral 
                          15                           15 
             lh_G_precentral               lh_G_precuneus 
                          15                           15 
                 lh_G_rectus             lh_G_subcallosal 
                          15                           15 
    lh_G_temp_sup-G_T_transv        lh_G_temp_sup-Lateral 
                          15                           15 
    lh_G_temp_sup-Plan_polar     lh_G_temp_sup-Plan_tempo 
                          15                           15 
           lh_G_temporal_inf         lh_G_temporal_middle 
                          15                           15 
     lh_Lat_Fis-ant-Horizont      lh_Lat_Fis-ant-Vertical 
                          15                           15 
             lh_Lat_Fis-post            lh_Pole_occipital 
                          15                           15 
            lh_Pole_temporal               lh_S_calcarine 
                          15                           15 
                lh_S_central       lh_S_cingul-Marginalis 
                          15                           15 
    lh_S_circular_insula_ant     lh_S_circular_insula_inf 
                          15                           15 
    lh_S_circular_insula_sup       lh_S_collat_transv_ant 
                          15                           15 
     lh_S_collat_transv_post               lh_S_front_inf 
                          15                           15 
           lh_S_front_middle               lh_S_front_sup 
                          15                           15 
     lh_S_interm_prim-Jensen lh_S_intrapariet_and_P_trans 
                          15                           15 
  lh_S_oc_middle_and_Lunatus  lh_S_oc_sup_and_transversal 
                          15                           15 
            lh_S_oc-temp_lat lh_S_oc-temp_med_and_Lingual 
                          15                           15 
          lh_S_occipital_ant         lh_S_orbital_lateral 
                          15                           15 
     lh_S_orbital_med-olfact        lh_S_orbital-H_Shaped 
                          15                           15 
      lh_S_parieto_occipital            lh_S_pericallosal 
                          15                           15 
            lh_S_postcentral     lh_S_precentral-inf-part 
                          15                           15 
    lh_S_precentral-sup-part              lh_S_suborbital 
                          15                           15 
            lh_S_subparietal            lh_S_temporal_inf 
                          15                           15 
           lh_S_temporal_sup     lh_S_temporal_transverse 
                          15                           15 
       rh_G_and_S_cingul-Ant    rh_G_and_S_cingul-Mid-Ant 
                          15                           15 
  rh_G_and_S_cingul-Mid-Post      rh_G_and_S_frontomargin 
                          15                           15 
    rh_G_and_S_occipital_inf       rh_G_and_S_paracentral 
                          15                           15 
       rh_G_and_S_subcentral  rh_G_and_S_transv_frontopol 
                          15                           15 
     rh_G_cingul-Post-dorsal     rh_G_cingul-Post-ventral 
                          15                           15 
                 rh_G_cuneus     rh_G_front_inf-Opercular 
                          15                           15 
      rh_G_front_inf-Orbital      rh_G_front_inf-Triangul 
                          15                           15 
           rh_G_front_middle               rh_G_front_sup 
                          15                           15 
  rh_G_Ins_lg_and_S_cent_ins           rh_G_insular_short 
                          15                           15 
    rh_G_oc-temp_lat-fusifor     rh_G_oc-temp_med-Lingual 
                          15                           15 
    rh_G_oc-temp_med-Parahip        rh_G_occipital_middle 
                          15                           15 
          rh_G_occipital_sup                 rh_G_orbital 
                          15                           15 
     rh_G_pariet_inf-Angular                      (Other) 
                          15                          734 


10/10/25 08:45:42.824
   user  system elapsed 
204.004   1.923  72.935 

***** Summary information of model results *****

 Family: gaussian 
  Links: mu = identity 
Formula: Y ~ 1 + (1 | Subj) + (1 | ROI) 
   Data: lop$dataTable (Number of observations: 2219) 
  Draws: 4 chains, each with iter = 5000; warmup = 2500; thin = 1;
         total post-warmup draws = 10000

Multilevel Hyperparameters:
~ROI (Number of levels: 148) 
              Estimate Est.Error l-95% CI u-95% CI Rhat Bulk_ESS Tail_ESS
sd(Intercept)     0.56      0.03     0.50     0.63 1.01      709     1404

~Subj (Number of levels: 15) 
              Estimate Est.Error l-95% CI u-95% CI Rhat Bulk_ESS Tail_ESS
sd(Intercept)     0.28      0.06     0.19     0.42 1.00     1824     3303

Regression Coefficients:
          Estimate Est.Error l-95% CI u-95% CI Rhat Bulk_ESS Tail_ESS
Intercept   -22.13      0.09   -22.31   -21.97 1.01      793     1576

Further Distributional Parameters:
      Estimate Est.Error l-95% CI u-95% CI Rhat Bulk_ESS Tail_ESS
sigma     0.31      0.00     0.30     0.32 1.00    13217     7305

Draws were sampled using sampling(NUTS). For each parameter, Bulk_ESS
and Tail_ESS are effective sample size measures, and Rhat is the potential
scale reduction factor on split chains (at convergence, Rhat = 1).


===== Summary of region effects for Intercept (RBA results) =====
                                  mean        SD P+      2.5%        5%       50%       95%     97.5%
lh_G_and_S_cingul-Ant        -21.88460 0.1077588  0 -22.09753 -22.05894 -21.88547 -21.70727 -21.67198
lh_G_and_S_cingul-Mid-Ant    -22.03163 0.1060311  0 -22.23901 -22.20654 -22.03142 -21.85814 -21.82110
lh_G_and_S_cingul-Mid-Post   -22.05982 0.1075793  0 -22.27171 -22.23622 -22.05967 -21.88316 -21.84685
lh_G_and_S_frontomargin      -22.41886 0.1071639  0 -22.63278 -22.59462 -22.41834 -22.24300 -22.20815
lh_G_and_S_occipital_inf     -21.76034 0.1064186  0 -21.97195 -21.93707 -21.75982 -21.58609 -21.55362
lh_G_and_S_paracentral       -22.07469 0.1063980  0 -22.28415 -22.24849 -22.07449 -21.90000 -21.86699
lh_G_and_S_subcentral        -21.67969 0.1056340  0 -21.88766 -21.85361 -21.67878 -21.50722 -21.47619
lh_G_and_S_transv_frontopol  -22.70173 0.1065929  0 -22.91349 -22.87883 -22.70139 -22.52923 -22.49354
lh_G_cingul-Post-dorsal      -21.76429 0.1076347  0 -21.97425 -21.94403 -21.76437 -21.58449 -21.55109
lh_G_cingul-Post-ventral     -21.62990 0.1068428  0 -21.84310 -21.80361 -21.62962 -21.45536 -21.42211
lh_G_cuneus                  -21.88922 0.1075555  0 -22.10207 -22.06558 -21.88907 -21.71177 -21.67820
lh_G_front_inf-Opercular     -22.20291 0.1078581  0 -22.41669 -22.38072 -22.20219 -22.02779 -21.99575
lh_G_front_inf-Orbital       -21.52829 0.1084531  0 -21.73946 -21.70568 -21.52883 -21.34888 -21.31415
lh_G_front_inf-Triangul      -22.45696 0.1078701  0 -22.67128 -22.63637 -22.45643 -22.28038 -22.25042
lh_G_front_middle            -23.29902 0.1074260  0 -23.50863 -23.47350 -23.29980 -23.12215 -23.08400
lh_G_front_sup               -22.86180 0.1069812  0 -23.07274 -23.03578 -22.86095 -22.68521 -22.65172
lh_G_Ins_lg_and_S_cent_ins   -22.39069 0.1069723  0 -22.60218 -22.56881 -22.39016 -22.21520 -22.18296
lh_G_insular_short           -22.61226 0.1078430  0 -22.82514 -22.79335 -22.61213 -22.43638 -22.39920
lh_G_oc-temp_lat-fusifor     -21.55464 0.1075465  0 -21.76674 -21.73378 -21.55364 -21.38141 -21.34636
lh_G_oc-temp_med-Lingual     -21.91116 0.1073819  0 -22.12389 -22.08903 -21.91006 -21.73619 -21.69993
lh_G_oc-temp_med-Parahip     -21.45585 0.1073575  0 -21.66441 -21.63012 -21.45578 -21.27977 -21.24414
lh_G_occipital_middle        -22.83074 0.1077699  0 -23.04299 -23.00823 -22.82981 -22.65490 -22.62160
lh_G_occipital_sup           -22.39066 0.1067086  0 -22.59837 -22.56612 -22.39022 -22.21644 -22.18296
lh_G_orbital                 -21.94772 0.1074826  0 -22.15916 -22.12570 -21.94736 -21.77583 -21.73803
lh_G_pariet_inf-Angular      -22.80653 0.1070747  0 -23.01460 -22.98227 -22.80631 -22.62920 -22.59522
lh_G_pariet_inf-Supramar     -22.64544 0.1087438  0 -22.85675 -22.82598 -22.64457 -22.46940 -22.43399
lh_G_parietal_sup            -23.31465 0.1069354  0 -23.52461 -23.48871 -23.31470 -23.14070 -23.10801
lh_G_postcentral             -22.81198 0.1082849  0 -23.02721 -22.98640 -22.81144 -22.63442 -22.59611
lh_G_precentral              -23.11667 0.1076989  0 -23.33036 -23.29460 -23.11590 -22.94212 -22.90824
lh_G_precuneus               -22.04000 0.1073893  0 -22.25671 -22.21793 -22.03923 -21.86713 -21.83134
lh_G_rectus                  -21.66262 0.1052530  0 -21.87044 -21.83543 -21.66206 -21.48987 -21.45812
lh_G_subcallosal             -21.39394 0.1083596  0 -21.60585 -21.57020 -21.39441 -21.21645 -21.17820
lh_G_temp_sup-G_T_transv     -21.39833 0.1082834  0 -21.61495 -21.57799 -21.39778 -21.22291 -21.18842
lh_G_temp_sup-Lateral        -22.45090 0.1066865  0 -22.66090 -22.62718 -22.44927 -22.27441 -22.24142
lh_G_temp_sup-Plan_polar     -21.08992 0.1060233  0 -21.29934 -21.26351 -21.08955 -20.91605 -20.88200
lh_G_temp_sup-Plan_tempo     -21.58841 0.1069202  0 -21.80199 -21.76663 -21.58850 -21.41348 -21.37849
lh_G_temporal_inf            -22.02720 0.1078872  0 -22.23864 -22.20390 -22.02629 -21.84931 -21.81402
lh_G_temporal_middle         -22.90075 0.1075710  0 -23.11532 -23.07689 -22.89970 -22.72632 -22.69400
lh_Lat_Fis-ant-Horizont      -21.35408 0.1070263  0 -21.56762 -21.52951 -21.35489 -21.17813 -21.14224
lh_Lat_Fis-ant-Vertical      -21.56848 0.1073765  0 -21.78691 -21.74560 -21.56713 -21.39569 -21.35912
lh_Lat_Fis-post              -21.97041 0.1073423  0 -22.18195 -22.14681 -21.96889 -21.79572 -21.76308
lh_Pole_occipital            -22.13980 0.1084684  0 -22.35300 -22.31474 -22.13999 -21.95965 -21.92646
lh_Pole_temporal             -21.51560 0.1085592  0 -21.73103 -21.69427 -21.51353 -21.34202 -21.30903
lh_S_calcarine               -22.16494 0.1075364  0 -22.37686 -22.34266 -22.16452 -21.98660 -21.95449
lh_S_central                 -23.03828 0.1074631  0 -23.24767 -23.21319 -23.03734 -22.86274 -22.82898
lh_S_cingul-Marginalis       -22.18593 0.1069128  0 -22.39654 -22.35984 -22.18707 -22.01111 -21.97461
lh_S_circular_insula_ant     -21.59655 0.1084680  0 -21.80984 -21.77379 -21.59566 -21.41811 -21.38334
lh_S_circular_insula_inf     -21.72270 0.1075266  0 -21.93653 -21.89914 -21.72233 -21.54653 -21.51324
lh_S_circular_insula_sup     -22.00810 0.1096831  0 -22.22452 -22.18905 -22.00951 -21.82845 -21.79190
lh_S_collat_transv_ant       -21.61960 0.1076359  0 -21.83426 -21.79780 -21.61966 -21.44427 -21.40717
lh_S_collat_transv_post      -21.70658 0.1081558  0 -21.92123 -21.88446 -21.70541 -21.53060 -21.49796
lh_S_front_inf               -22.49710 0.1067085  0 -22.71079 -22.67697 -22.49703 -22.32282 -22.28946
lh_S_front_middle            -22.83909 0.1076083  0 -23.05125 -23.01663 -22.83770 -22.66734 -22.63275
lh_S_front_sup               -22.96259 0.1081166  0 -23.17877 -23.14107 -22.96290 -22.78454 -22.74990
lh_S_interm_prim-Jensen      -22.09496 0.1058927  0 -22.30625 -22.26683 -22.09688 -21.92338 -21.88545
lh_S_intrapariet_and_P_trans -23.02286 0.1072599  0 -23.23693 -23.19913 -23.02182 -22.84701 -22.81510
lh_S_oc_middle_and_Lunatus   -22.49152 0.1084889  0 -22.70421 -22.66862 -22.49164 -22.31265 -22.28179
lh_S_oc_sup_and_transversal  -22.18361 0.1072490  0 -22.40068 -22.36271 -22.18231 -22.00804 -21.97138
lh_S_oc-temp_lat             -21.99523 0.1068278  0 -22.20689 -22.17343 -21.99469 -21.82243 -21.78734
lh_S_oc-temp_med_and_Lingual -21.98005 0.1067319  0 -22.19257 -22.15719 -21.97828 -21.80756 -21.77133
lh_S_occipital_ant           -21.97881 0.1069064  0 -22.19225 -22.15752 -21.97728 -21.80413 -21.76729
lh_S_orbital_lateral         -22.12112 0.1072536  0 -22.33106 -22.29777 -22.12065 -21.94815 -21.91597
lh_S_orbital_med-olfact      -21.67156 0.1063739  0 -21.88719 -21.84830 -21.67078 -21.49670 -21.46560
lh_S_orbital-H_Shaped        -21.83376 0.1078691  0 -22.04941 -22.01381 -21.83401 -21.65950 -21.62283
lh_S_parieto_occipital       -22.43284 0.1063799  0 -22.64231 -22.60725 -22.43222 -22.25639 -22.22297
lh_S_pericallosal            -22.06228 0.1081574  0 -22.27353 -22.23896 -22.06252 -21.88770 -21.85366
lh_S_postcentral             -23.02207 0.1067382  0 -23.22910 -23.19539 -23.02333 -22.84716 -22.81217
lh_S_precentral-inf-part     -22.10468 0.1080835  0 -22.31749 -22.27900 -22.10582 -21.92548 -21.89100
lh_S_precentral-sup-part     -22.49906 0.1078543  0 -22.71365 -22.67543 -22.49935 -22.32621 -22.28588
lh_S_suborbital              -21.33152 0.1064837  0 -21.53961 -21.50425 -21.33121 -21.15857 -21.12485
lh_S_subparietal             -21.93269 0.1071725  0 -22.14378 -22.11074 -21.93194 -21.75795 -21.72484
lh_S_temporal_inf            -22.42275 0.1062320  0 -22.63549 -22.59789 -22.42291 -22.24927 -22.21073
lh_S_temporal_sup            -23.22504 0.1066804  0 -23.43615 -23.40029 -23.22386 -23.05255 -23.01893
lh_S_temporal_transverse     -21.35333 0.1089622  0 -21.56969 -21.53380 -21.35260 -21.17893 -21.14199
rh_G_and_S_cingul-Ant        -21.91981 0.1059791  0 -22.12776 -22.09783 -21.91912 -21.74698 -21.71637
rh_G_and_S_cingul-Mid-Ant    -22.02852 0.1058222  0 -22.23732 -22.20533 -22.02880 -21.85570 -21.81874
rh_G_and_S_cingul-Mid-Post   -22.05574 0.1060748  0 -22.26532 -22.23056 -22.05493 -21.88415 -21.85298
rh_G_and_S_frontomargin      -22.33679 0.1085930  0 -22.55394 -22.51603 -22.33515 -22.16008 -22.12196
rh_G_and_S_occipital_inf     -21.72846 0.1074687  0 -21.93657 -21.90601 -21.72826 -21.55389 -21.52101
rh_G_and_S_paracentral       -22.07903 0.1074052  0 -22.29109 -22.25573 -22.07899 -21.90290 -21.86654
rh_G_and_S_subcentral        -21.55850 0.1085563  0 -21.77248 -21.73834 -21.55816 -21.38086 -21.34730
rh_G_and_S_transv_frontopol  -22.75787 0.1072838  0 -22.96634 -22.93189 -22.75785 -22.58274 -22.54786
rh_G_cingul-Post-dorsal      -21.77405 0.1083977  0 -21.99147 -21.95427 -21.77379 -21.59622 -21.56326
rh_G_cingul-Post-ventral     -21.43533 0.1073222  0 -21.65368 -21.61538 -21.43391 -21.26161 -21.22521
rh_G_cuneus                  -21.84028 0.1070908  0 -22.04978 -22.01743 -21.83941 -21.66424 -21.62908
rh_G_front_inf-Opercular     -21.86459 0.1073997  0 -22.07736 -22.04033 -21.86499 -21.68915 -21.65555
rh_G_front_inf-Orbital       -21.60979 0.1090327  0 -21.82192 -21.78713 -21.60952 -21.43132 -21.39495
rh_G_front_inf-Triangul      -22.48419 0.1068615  0 -22.69668 -22.66076 -22.48504 -22.30945 -22.27050
rh_G_front_middle            -23.25236 0.1071413  0 -23.46348 -23.42713 -23.25065 -23.07995 -23.04205
rh_G_front_sup               -22.85200 0.1071252  0 -23.06426 -23.02974 -22.85045 -22.67700 -22.64755
rh_G_Ins_lg_and_S_cent_ins   -22.52873 0.1078736  0 -22.73951 -22.70634 -22.52926 -22.35079 -22.31812
rh_G_insular_short           -22.68767 0.1085081  0 -22.89921 -22.86594 -22.68933 -22.50801 -22.47290
rh_G_oc-temp_lat-fusifor     -21.47293 0.1091641  0 -21.68721 -21.65029 -21.47388 -21.29427 -21.25701
rh_G_oc-temp_med-Lingual     -21.89529 0.1076990  0 -22.10821 -22.07213 -21.89650 -21.71796 -21.68064
rh_G_oc-temp_med-Parahip     -21.46796 0.1082245  0 -21.68197 -21.64366 -21.46826 -21.29035 -21.25450
rh_G_occipital_middle        -22.62763 0.1081899  0 -22.83959 -22.80339 -22.62839 -22.45009 -22.41617
rh_G_occipital_sup           -22.56574 0.1064459  0 -22.77734 -22.74162 -22.56533 -22.39216 -22.35870
rh_G_orbital                 -21.90180 0.1075516  0 -22.11231 -22.07701 -21.90338 -21.72268 -21.68817
rh_G_pariet_inf-Angular      -22.92636 0.1061198  0 -23.13467 -23.10062 -22.92523 -22.75381 -22.72121
rh_G_pariet_inf-Supramar     -22.44578 0.1068128  0 -22.65611 -22.61931 -22.44595 -22.27237 -22.23832
rh_G_parietal_sup            -23.01808 0.1057906  0 -23.22694 -23.19291 -23.01776 -22.84290 -22.80734
rh_G_postcentral             -22.68593 0.1076575  0 -22.89771 -22.86415 -22.68625 -22.50920 -22.47563
rh_G_precentral              -22.87756 0.1075408  0 -23.08920 -23.05443 -22.87771 -22.70326 -22.66665
rh_G_precuneus               -22.02031 0.1073200  0 -22.23294 -22.19831 -22.01911 -21.84375 -21.80958
rh_G_rectus                  -21.70409 0.1079973  0 -21.91844 -21.88248 -21.70300 -21.52847 -21.49318
rh_G_subcallosal             -21.23759 0.1063253  0 -21.44939 -21.41310 -21.23713 -21.06448 -21.02620
rh_G_temp_sup-G_T_transv     -21.28867 0.1081618  0 -21.50300 -21.46733 -21.28822 -21.11273 -21.07964
rh_G_temp_sup-Lateral        -22.42033 0.1075903  0 -22.63174 -22.59999 -22.41885 -22.24316 -22.20785
rh_G_temp_sup-Plan_polar     -21.18238 0.1072017  0 -21.39424 -21.35947 -21.18217 -21.00939 -20.97200
rh_G_temp_sup-Plan_tempo     -21.34612 0.1082840  0 -21.56230 -21.52526 -21.34599 -21.16948 -21.13311
rh_G_temporal_inf            -22.01388 0.1072507  0 -22.22745 -22.18697 -22.01437 -21.83995 -21.80898
rh_G_temporal_middle         -23.00347 0.1078074  0 -23.21315 -23.17825 -23.00406 -22.82586 -22.79164
rh_Lat_Fis-ant-Horizont      -21.40930 0.1068019  0 -21.61868 -21.58452 -21.40970 -21.23529 -21.19878
rh_Lat_Fis-ant-Vertical      -21.36816 0.1066893  0 -21.58105 -21.54601 -21.36800 -21.19308 -21.15840
rh_Lat_Fis-post              -22.05549 0.1071056  0 -22.26624 -22.23044 -22.05405 -21.88086 -21.84879
rh_Pole_occipital            -22.01971 0.1067000  0 -22.23218 -22.19706 -22.01748 -21.84583 -21.81079
rh_Pole_temporal             -21.44803 0.1072145  0 -21.66152 -21.62569 -21.44694 -21.27266 -21.24029
rh_S_calcarine               -22.19853 0.1076721  0 -22.41240 -22.37522 -22.19883 -22.02235 -21.98810
rh_S_central                 -23.21423 0.1078326  0 -23.43013 -23.39230 -23.21384 -23.04015 -23.00763
rh_S_cingul-Marginalis       -22.22480 0.1061952  0 -22.43492 -22.39859 -22.22456 -22.05144 -22.01645
rh_S_circular_insula_ant     -21.65551 0.1080775  0 -21.86567 -21.83612 -21.65532 -21.47812 -21.44498
rh_S_circular_insula_inf     -21.62183 0.1067216  0 -21.83168 -21.79593 -21.62029 -21.44704 -21.41319
rh_S_circular_insula_sup     -22.08057 0.1067907  0 -22.29496 -22.25618 -22.07952 -21.90954 -21.87215
rh_S_collat_transv_ant       -21.62563 0.1061036  0 -21.83216 -21.79806 -21.62610 -21.45289 -21.41679
rh_S_collat_transv_post      -21.46517 0.1090780  0 -21.67933 -21.64354 -21.46492 -21.28433 -21.25271
rh_S_front_inf               -22.26753 0.1075109  0 -22.48066 -22.44529 -22.26811 -22.09455 -22.05721
rh_S_front_middle            -22.82838 0.1076844  0 -23.03956 -23.00640 -22.82871 -22.65143 -22.61480
rh_S_front_sup               -22.82677 0.1057772  0 -23.03883 -23.00285 -22.82609 -22.65263 -22.62091
rh_S_interm_prim-Jensen      -21.95522 0.1065519  0 -22.16998 -22.13361 -21.95415 -21.78201 -21.74550
rh_S_intrapariet_and_P_trans -23.03150 0.1077935  0 -23.24441 -23.20639 -23.03057 -22.85549 -22.82599
rh_S_oc_middle_and_Lunatus   -22.26296 0.1089923  0 -22.47803 -22.44505 -22.26146 -22.08404 -22.04998
rh_S_oc_sup_and_transversal  -22.36252 0.1074193  0 -22.57460 -22.53809 -22.36143 -22.18653 -22.15311
rh_S_oc-temp_lat             -21.82116 0.1070354  0 -22.03060 -21.99650 -21.82099 -21.64552 -21.61261
rh_S_oc-temp_med_and_Lingual -21.92901 0.1073443  0 -22.14137 -22.10579 -21.92883 -21.75084 -21.71964
rh_S_occipital_ant           -22.17483 0.1065609  0 -22.38715 -22.34990 -22.17373 -22.00168 -21.96666
rh_S_orbital_lateral         -22.29375 0.1086957  0 -22.51086 -22.47433 -22.29280 -22.11626 -22.08289
rh_S_orbital_med-olfact      -21.63831 0.1073312  0 -21.85026 -21.81680 -21.63647 -21.46566 -21.42962
rh_S_orbital-H_Shaped        -21.71438 0.1066950  0 -21.92315 -21.88730 -21.71466 -21.54067 -21.50724
rh_S_parieto_occipital       -22.44468 0.1058778  0 -22.65801 -22.61695 -22.44430 -22.27358 -22.23822
rh_S_pericallosal            -22.11962 0.1081602  0 -22.33181 -22.29665 -22.11847 -21.94459 -21.90667
rh_S_postcentral             -22.71617 0.1075533  0 -22.92838 -22.89189 -22.71683 -22.53758 -22.50538
rh_S_precentral-inf-part     -22.18436 0.1070308  0 -22.39284 -22.35933 -22.18500 -22.00789 -21.97421
rh_S_precentral-sup-part     -22.61364 0.1083661  0 -22.82898 -22.79445 -22.61300 -22.43390 -22.40129
rh_S_suborbital              -21.31637 0.1074804  0 -21.53082 -21.49342 -21.31679 -21.14124 -21.10476
rh_S_subparietal             -21.91556 0.1070907  0 -22.12779 -22.09292 -21.91528 -21.74129 -21.70708
rh_S_temporal_inf            -22.45618 0.1076617  0 -22.66773 -22.63344 -22.45515 -22.27938 -22.24674
rh_S_temporal_sup            -23.01016 0.1068364  0 -23.21975 -23.18445 -23.01028 -22.83587 -22.80247
rh_S_temporal_transverse     -21.06594 0.1088311  0 -21.28231 -21.24514 -21.06514 -20.88819 -20.85303


===== Summary of region effects under GLM for Intercept (for reference only): no adjustment for multiplicity =====
                                  mean         SD 2-sided-p      2.5%        5%       50%       95%     97.5%
lh_G_and_S_cingul-Ant        -21.87910 0.08742001         0 -22.06660 -22.03308 -21.87910 -21.72513 -21.69160
lh_G_and_S_cingul-Mid-Ant    -22.02972 0.06394765         0 -22.16687 -22.14235 -22.02972 -21.91709 -21.89256
lh_G_and_S_cingul-Mid-Post   -22.05750 0.04999614         0 -22.16473 -22.14556 -22.05750 -21.96944 -21.95027
lh_G_and_S_frontomargin      -22.42467 0.09857561         0 -22.63609 -22.59829 -22.42467 -22.25105 -22.21324
lh_G_and_S_occipital_inf     -21.75211 0.17199674         0 -22.12101 -22.05505 -21.75211 -21.44917 -21.38322
lh_G_and_S_paracentral       -22.07307 0.08432032         0 -22.25392 -22.22158 -22.07307 -21.92455 -21.89222
lh_G_and_S_subcentral        -21.67002 0.05144702         0 -21.78036 -21.76064 -21.67002 -21.57941 -21.55968
lh_G_and_S_transv_frontopol  -22.71310 0.09732891         0 -22.92185 -22.88453 -22.71310 -22.54168 -22.50435
lh_G_cingul-Post-dorsal      -21.75654 0.07951032         0 -21.92707 -21.89658 -21.75654 -21.61650 -21.58601
lh_G_cingul-Post-ventral     -21.61900 0.09863904         0 -21.83056 -21.79274 -21.61900 -21.44527 -21.40744
lh_G_cuneus                  -21.88411 0.11574127         0 -22.13235 -22.08796 -21.88411 -21.68025 -21.63587
lh_G_front_inf-Opercular     -22.20471 0.06947453         0 -22.35371 -22.32707 -22.20471 -22.08234 -22.05570
lh_G_front_inf-Orbital       -21.51550 0.07267815         0 -21.67138 -21.64351 -21.51550 -21.38749 -21.35962
lh_G_front_inf-Triangul      -22.46394 0.11608118         0 -22.71291 -22.66839 -22.46394 -22.25948 -22.21497
lh_G_front_middle            -23.32233 0.08180653         0 -23.49778 -23.46641 -23.32233 -23.17824 -23.14687
lh_G_front_sup               -22.87601 0.05895089         0 -23.00245 -22.97984 -22.87601 -22.77218 -22.74958
lh_G_Ins_lg_and_S_cent_ins   -22.39605 0.11506494         0 -22.64284 -22.59871 -22.39605 -22.19338 -22.14926
lh_G_insular_short           -22.62234 0.10189496         0 -22.84088 -22.80181 -22.62234 -22.44287 -22.40380
lh_G_oc-temp_lat-fusifor     -21.54294 0.12134121         0 -21.80319 -21.75666 -21.54294 -21.32922 -21.28269
lh_G_oc-temp_med-Lingual     -21.90704 0.15255100         0 -22.23423 -22.17573 -21.90704 -21.63835 -21.57985
lh_G_oc-temp_med-Parahip     -21.44237 0.08242624         0 -21.61916 -21.58755 -21.44237 -21.29720 -21.26559
lh_G_occipital_middle        -22.84617 0.14777263         0 -23.16311 -23.10644 -22.84617 -22.58589 -22.52923
lh_G_occipital_sup           -22.39651 0.16894193         0 -22.75885 -22.69407 -22.39651 -22.09895 -22.03416
lh_G_orbital                 -21.94428 0.08424323         0 -22.12496 -22.09266 -21.94428 -21.79590 -21.76360
lh_G_pariet_inf-Angular      -22.81902 0.07490252         0 -22.97967 -22.95095 -22.81902 -22.68709 -22.65837
lh_G_pariet_inf-Supramar     -22.65598 0.09497691         0 -22.85969 -22.82327 -22.65598 -22.48870 -22.45228
lh_G_parietal_sup            -23.33869 0.11013663         0 -23.57491 -23.53267 -23.33869 -23.14470 -23.10247
lh_G_postcentral             -22.82522 0.08908238         0 -23.01628 -22.98212 -22.82522 -22.66832 -22.63416
lh_G_precentral              -23.13661 0.09226287         0 -23.33450 -23.29912 -23.13661 -22.97411 -22.93873
lh_G_precuneus               -22.03831 0.09155281         0 -22.23467 -22.19956 -22.03831 -21.87706 -21.84195
lh_G_rectus                  -21.65166 0.09089037         0 -21.84660 -21.81175 -21.65166 -21.49158 -21.45672
lh_G_subcallosal             -21.37800 0.08797308         0 -21.56668 -21.53295 -21.37800 -21.22305 -21.18931
lh_G_temp_sup-G_T_transv     -21.38306 0.09508054         0 -21.58699 -21.55053 -21.38306 -21.21560 -21.17914
lh_G_temp_sup-Lateral        -22.45761 0.09613733         0 -22.66381 -22.62694 -22.45761 -22.28829 -22.25142
lh_G_temp_sup-Plan_polar     -21.06816 0.09837675         0 -21.27916 -21.24143 -21.06816 -20.89489 -20.85716
lh_G_temp_sup-Plan_tempo     -21.57748 0.10359438         0 -21.79967 -21.75994 -21.57748 -21.39502 -21.35529
lh_G_temporal_inf            -22.02424 0.15227032         0 -22.35083 -22.29244 -22.02424 -21.75605 -21.69766
lh_G_temporal_middle         -22.91634 0.13473546         0 -23.20532 -23.15365 -22.91634 -22.67903 -22.62736
lh_Lat_Fis-ant-Horizont      -21.33889 0.06620305         0 -21.48088 -21.45549 -21.33889 -21.22229 -21.19690
lh_Lat_Fis-ant-Vertical      -21.55678 0.06048098         0 -21.68650 -21.66330 -21.55678 -21.45025 -21.42706
lh_Lat_Fis-post              -21.96736 0.07835084         0 -22.13540 -22.10536 -21.96736 -21.82936 -21.79931
lh_Pole_occipital            -22.14003 0.14897895         0 -22.45956 -22.40243 -22.14003 -21.87763 -21.82050
lh_Pole_temporal             -21.50163 0.09822704         0 -21.71230 -21.67464 -21.50163 -21.32862 -21.29095
lh_S_calcarine               -22.16530 0.13106643         0 -22.44641 -22.39615 -22.16530 -21.93445 -21.88419
lh_S_central                 -23.05716 0.09310645         0 -23.25685 -23.22115 -23.05716 -22.89317 -22.85746
lh_S_cingul-Marginalis       -22.18753 0.07191750         0 -22.34178 -22.31420 -22.18753 -22.06086 -22.03328
lh_S_circular_insula_ant     -21.58529 0.09032923         0 -21.77903 -21.74439 -21.58529 -21.42619 -21.39155
lh_S_circular_insula_inf     -21.71409 0.08014757         0 -21.88599 -21.85526 -21.71409 -21.57293 -21.54219
lh_S_circular_insula_sup     -22.00602 0.04850137         0 -22.11005 -22.09145 -22.00602 -21.92060 -21.90200
lh_S_collat_transv_ant       -21.60869 0.10476715         0 -21.83339 -21.79322 -21.60869 -21.42416 -21.38399
lh_S_collat_transv_post      -21.69802 0.12145822         0 -21.95852 -21.91195 -21.69802 -21.48409 -21.43752
lh_S_front_inf               -22.50455 0.08134271         0 -22.67901 -22.64782 -22.50455 -22.36128 -22.33008
lh_S_front_middle            -22.85405 0.12416790         0 -23.12036 -23.07275 -22.85405 -22.63535 -22.58774
lh_S_front_sup               -22.97851 0.10795559         0 -23.21005 -23.16865 -22.97851 -22.78837 -22.74697
lh_S_interm_prim-Jensen      -22.09362 0.16700215         0 -22.45181 -22.38777 -22.09362 -21.79948 -21.73544
lh_S_intrapariet_and_P_trans -23.04107 0.09431134         0 -23.24334 -23.20718 -23.04107 -22.87496 -22.83879
lh_S_oc_middle_and_Lunatus   -22.49944 0.19659852         0 -22.92110 -22.84571 -22.49944 -22.15316 -22.07777
lh_S_oc_sup_and_transversal  -22.18456 0.13090397         0 -22.46532 -22.41512 -22.18456 -21.95399 -21.90379
lh_S_oc-temp_lat             -21.99203 0.10767444         0 -22.22297 -22.18168 -21.99203 -21.80238 -21.76109
lh_S_oc-temp_med_and_Lingual -21.97639 0.11826009         0 -22.23003 -22.18468 -21.97639 -21.76809 -21.72274
lh_S_occipital_ant           -21.97587 0.15907169         0 -22.31705 -22.25605 -21.97587 -21.69570 -21.63470
lh_S_orbital_lateral         -22.12079 0.12190735         0 -22.38225 -22.33550 -22.12079 -21.90607 -21.85932
lh_S_orbital_med-olfact      -21.66176 0.07797695         0 -21.82901 -21.79911 -21.66176 -21.52442 -21.49452
lh_S_orbital-H_Shaped        -21.82709 0.08000610         0 -21.99869 -21.96801 -21.82709 -21.68618 -21.65550
lh_S_parieto_occipital       -22.43858 0.07230206         0 -22.59365 -22.56592 -22.43858 -22.31123 -22.28350
lh_S_pericallosal            -22.06081 0.09237943         0 -22.25895 -22.22352 -22.06081 -21.89811 -21.86268
lh_S_postcentral             -23.03925 0.07704906         0 -23.20451 -23.17496 -23.03925 -22.90355 -22.87400
lh_S_precentral-inf-part     -22.10438 0.09971938         0 -22.31826 -22.28002 -22.10438 -21.92874 -21.89050
lh_S_precentral-sup-part     -22.50604 0.08317737         0 -22.68444 -22.65255 -22.50604 -22.35954 -22.32765
lh_S_suborbital              -21.31468 0.08963196         0 -21.50692 -21.47255 -21.31468 -21.15681 -21.12243
lh_S_subparietal             -21.92845 0.07547782         0 -22.09034 -22.06139 -21.92845 -21.79551 -21.76657
lh_S_temporal_inf            -22.42923 0.14960826         0 -22.75011 -22.69274 -22.42923 -22.16573 -22.10836
lh_S_temporal_sup            -23.24648 0.12902606         0 -23.52321 -23.47373 -23.24648 -23.01922 -22.96974
lh_S_temporal_transverse     -21.33648 0.11701688         0 -21.58745 -21.54258 -21.33648 -21.13038 -21.08550
rh_G_and_S_cingul-Ant        -21.91502 0.07041403         0 -22.06604 -22.03904 -21.91502 -21.79100 -21.76399
rh_G_and_S_cingul-Mid-Ant    -22.02628 0.06890861         0 -22.17408 -22.14765 -22.02628 -21.90491 -21.87849
rh_G_and_S_cingul-Mid-Post   -22.05307 0.05147838         0 -22.16348 -22.14374 -22.05307 -21.96240 -21.94266
rh_G_and_S_frontomargin      -22.34070 0.09472453         0 -22.54386 -22.50754 -22.34070 -22.17386 -22.13754
rh_G_and_S_occipital_inf     -21.72050 0.12072826         0 -21.97943 -21.93314 -21.72050 -21.50786 -21.46156
rh_G_and_S_paracentral       -22.07719 0.09145153         0 -22.27333 -22.23826 -22.07719 -21.91611 -21.88104
rh_G_and_S_subcentral        -21.54608 0.05181727         0 -21.65722 -21.63735 -21.54608 -21.45481 -21.43494
rh_G_and_S_transv_frontopol  -22.77061 0.08370469         0 -22.95014 -22.91804 -22.77061 -22.62318 -22.59108
rh_G_cingul-Post-dorsal      -21.76650 0.07244395         0 -21.92188 -21.89410 -21.76650 -21.63891 -21.61112
rh_G_cingul-Post-ventral     -21.42078 0.10036010         0 -21.63603 -21.59754 -21.42078 -21.24401 -21.20553
rh_G_cuneus                  -21.83413 0.12657137         0 -22.10560 -22.05706 -21.83413 -21.61120 -21.56266
rh_G_front_inf-Opercular     -21.85904 0.06970129         0 -22.00853 -21.98180 -21.85904 -21.73627 -21.70954
rh_G_front_inf-Orbital       -21.59896 0.13114612         0 -21.88024 -21.82995 -21.59896 -21.36797 -21.31768
rh_G_front_inf-Triangul      -22.49127 0.09878563         0 -22.70315 -22.66527 -22.49127 -22.31728 -22.27940
rh_G_front_middle            -23.27521 0.07562605         0 -23.43741 -23.40841 -23.27521 -23.14200 -23.11300
rh_G_front_sup               -22.86622 0.07045263         0 -23.01732 -22.99031 -22.86622 -22.74213 -22.71511
rh_G_Ins_lg_and_S_cent_ins   -22.53550 0.09453435         0 -22.73826 -22.70200 -22.53550 -22.36899 -22.33274
rh_G_insular_short           -22.69934 0.09270279         0 -22.89816 -22.86261 -22.69934 -22.53606 -22.50051
rh_G_oc-temp_lat-fusifor     -21.45998 0.08642036         0 -21.64533 -21.61219 -21.45998 -21.30776 -21.27462
rh_G_oc-temp_med-Lingual     -21.88958 0.14772310         0 -22.20641 -22.14976 -21.88958 -21.62939 -21.57274
rh_G_oc-temp_med-Parahip     -21.45414 0.08463960         0 -21.63567 -21.60321 -21.45414 -21.30506 -21.27260
rh_G_occipital_middle        -22.63736 0.11705648         0 -22.88842 -22.84353 -22.63736 -22.43119 -22.38630
rh_G_occipital_sup           -22.57454 0.16326265         0 -22.92471 -22.86210 -22.57454 -22.28699 -22.22438
rh_G_orbital                 -21.89637 0.08507714         0 -22.07884 -22.04622 -21.89637 -21.74652 -21.71390
rh_G_pariet_inf-Angular      -22.94247 0.10650059         0 -23.17090 -23.13006 -22.94247 -22.75489 -22.71405
rh_G_pariet_inf-Supramar     -22.45189 0.06469973         0 -22.59066 -22.56585 -22.45189 -22.33794 -22.31312
rh_G_parietal_sup            -23.03657 0.10795629         0 -23.26811 -23.22671 -23.03657 -22.84642 -22.80502
rh_G_postcentral             -22.69716 0.06453409         0 -22.83557 -22.81082 -22.69716 -22.58349 -22.55875
rh_G_precentral              -22.89218 0.08983649         0 -23.08486 -23.05041 -22.89218 -22.73395 -22.69950
rh_G_precuneus               -22.01799 0.09103735         0 -22.21325 -22.17834 -22.01799 -21.85765 -21.82274
rh_G_rectus                  -21.69517 0.07762405         0 -21.86165 -21.83189 -21.69517 -21.55845 -21.52868
rh_G_subcallosal             -21.21944 0.09242962         0 -21.41768 -21.38223 -21.21944 -21.05664 -21.02119
rh_G_temp_sup-G_T_transv     -21.27166 0.05448534         0 -21.38852 -21.36763 -21.27166 -21.17569 -21.15480
rh_G_temp_sup-Lateral        -22.42563 0.09892985         0 -22.63782 -22.59988 -22.42563 -22.25139 -22.21345
rh_G_temp_sup-Plan_polar     -21.16207 0.06985883         0 -21.31190 -21.28512 -21.16207 -21.03903 -21.01224
rh_G_temp_sup-Plan_tempo     -21.32901 0.08798525         0 -21.51772 -21.48398 -21.32901 -21.17404 -21.14030
rh_G_temporal_inf            -22.01098 0.07535526         0 -22.17260 -22.14370 -22.01098 -21.87825 -21.84936
rh_G_temporal_middle         -23.01992 0.09503980         0 -23.22376 -23.18732 -23.01992 -22.85253 -22.81608
rh_Lat_Fis-ant-Horizont      -21.39408 0.07269251         0 -21.54999 -21.52212 -21.39408 -21.26605 -21.23817
rh_Lat_Fis-ant-Vertical      -21.35164 0.07909198         0 -21.52128 -21.49095 -21.35164 -21.21233 -21.18200
rh_Lat_Fis-post              -22.05346 0.05681143         0 -22.17530 -22.15352 -22.05346 -21.95339 -21.93161
rh_Pole_occipital            -22.01733 0.13402993         0 -22.30479 -22.25340 -22.01733 -21.78126 -21.72986
rh_Pole_temporal             -21.43409 0.08352257         0 -21.61322 -21.58119 -21.43409 -21.28698 -21.25495
rh_S_calcarine               -22.19974 0.14126428         0 -22.50272 -22.44855 -22.19974 -21.95093 -21.89675
rh_S_central                 -23.23610 0.08891054         0 -23.42679 -23.39270 -23.23610 -23.07950 -23.04540
rh_S_cingul-Marginalis       -22.22636 0.06940028         0 -22.37521 -22.34860 -22.22636 -22.10413 -22.07751
rh_S_circular_insula_ant     -21.64630 0.10537983         0 -21.87231 -21.83190 -21.64630 -21.46069 -21.42028
rh_S_circular_insula_inf     -21.61096 0.07715682         0 -21.77645 -21.74686 -21.61096 -21.47506 -21.44548
rh_S_circular_insula_sup     -22.07906 0.04712642         0 -22.18014 -22.16207 -22.07906 -21.99606 -21.97799
rh_S_collat_transv_ant       -21.61499 0.10037825         0 -21.83028 -21.79179 -21.61499 -21.43819 -21.39970
rh_S_collat_transv_post      -21.45143 0.15079770         0 -21.77486 -21.71703 -21.45143 -21.18583 -21.12800
rh_S_front_inf               -22.26970 0.07949293         0 -22.44019 -22.40971 -22.26970 -22.12969 -22.09920
rh_S_front_middle            -22.84316 0.08871429         0 -23.03344 -22.99942 -22.84316 -22.68691 -22.65289
rh_S_front_sup               -22.84116 0.09069673         0 -23.03568 -23.00090 -22.84116 -22.68141 -22.64663
rh_S_interm_prim-Jensen      -21.95059 0.14658719         0 -22.26499 -22.20878 -21.95059 -21.69241 -21.63619
rh_S_intrapariet_and_P_trans -23.05000 0.07538731         0 -23.21169 -23.18278 -23.05000 -22.91722 -22.88831
rh_S_oc_middle_and_Lunatus   -22.26509 0.14520304         0 -22.57652 -22.52084 -22.26509 -22.00935 -21.95367
rh_S_oc_sup_and_transversal  -22.36765 0.12766823         0 -22.64147 -22.59251 -22.36765 -22.14278 -22.09383
rh_S_oc-temp_lat             -21.81532 0.12189638         0 -22.07676 -22.03002 -21.81532 -21.60062 -21.55388
rh_S_oc-temp_med_and_Lingual -21.92493 0.09919790         0 -22.13768 -22.09964 -21.92493 -21.75021 -21.71217
rh_S_occipital_ant           -22.17634 0.15378553         0 -22.50618 -22.44721 -22.17634 -21.90548 -21.84651
rh_S_orbital_lateral         -22.29676 0.13472348         0 -22.58571 -22.53405 -22.29676 -22.05947 -22.00781
rh_S_orbital_med-olfact      -21.62718 0.07790778         0 -21.79428 -21.76440 -21.62718 -21.48996 -21.46009
rh_S_orbital-H_Shaped        -21.70680 0.07691286         0 -21.87176 -21.84227 -21.70680 -21.57133 -21.54184
rh_S_parieto_occipital       -22.45033 0.09377844         0 -22.65146 -22.61550 -22.45033 -22.28516 -22.24920
rh_S_pericallosal            -22.11848 0.10435939         0 -22.34231 -22.30229 -22.11848 -21.93467 -21.89465
rh_S_postcentral             -22.72823 0.09618460         0 -22.93453 -22.89764 -22.72823 -22.55882 -22.52194
rh_S_precentral-inf-part     -22.18555 0.09699191         0 -22.39358 -22.35639 -22.18555 -22.01472 -21.97753
rh_S_precentral-sup-part     -22.62321 0.08452281         0 -22.80449 -22.77208 -22.62321 -22.47434 -22.44192
rh_S_suborbital              -21.31053 0.10161421         0 -21.52847 -21.48950 -21.31053 -21.13155 -21.09259
rh_S_subparietal             -21.91119 0.09071659         0 -22.10576 -22.07097 -21.91119 -21.75141 -21.71663
rh_S_temporal_inf            -22.46240 0.09872920         0 -22.67415 -22.63629 -22.46240 -22.28851 -22.25065
rh_S_temporal_sup            -23.02830 0.10542428         0 -23.25441 -23.21398 -23.02830 -22.84261 -22.80219
rh_S_temporal_transverse     -21.04341 0.05841609         0 -21.16870 -21.14629 -21.04341 -20.94052 -20.91812


