===== Summary of variable information =====
Total number of ROIs: 148
Response variable Y - mean: 0.992546; SD: 0.239782
   Min. 1st Qu.  Median    Mean 3rd Qu.    Max. 
0.06911 0.82719 0.99780 0.99255 1.16395 1.59975 


Data structure:
'data.frame':	2219 obs. of  3 variables:
 $ Subj: Factor w/ 15 levels "1","2","3","4",..: 1 1 1 1 1 1 1 1 1 1 ...
 $ ROI : Factor w/ 148 levels "lh_G_and_S_cingul-Ant",..: 17 1 2 3 4 5 6 7 8 9 ...
 $ Y   : num  1.113 0.989 1.018 1.061 0.506 ...
Subjects:
  1   2   3   4   5   6   7   8   9  10  11  12  13  14  15 
148 148 147 148 148 148 148 148 148 148 148 148 148 148 148 
ROIs:
       lh_G_and_S_cingul-Ant    lh_G_and_S_cingul-Mid-Ant 
                          15                           15 
  lh_G_and_S_cingul-Mid-Post      lh_G_and_S_frontomargin 
                          15                           15 
    lh_G_and_S_occipital_inf       lh_G_and_S_paracentral 
                          15                           15 
       lh_G_and_S_subcentral  lh_G_and_S_transv_frontopol 
                          15                           15 
     lh_G_cingul-Post-dorsal     lh_G_cingul-Post-ventral 
                          15                           15 
                 lh_G_cuneus     lh_G_front_inf-Opercular 
                          15                           15 
      lh_G_front_inf-Orbital      lh_G_front_inf-Triangul 
                          15                           15 
           lh_G_front_middle               lh_G_front_sup 
                          15                           15 
  lh_G_Ins_lg_and_S_cent_ins           lh_G_insular_short 
                          15                           15 
    lh_G_oc-temp_lat-fusifor     lh_G_oc-temp_med-Lingual 
                          15                           15 
    lh_G_oc-temp_med-Parahip        lh_G_occipital_middle 
                          15                           15 
          lh_G_occipital_sup                 lh_G_orbital 
                          15                           15 
     lh_G_pariet_inf-Angular     lh_G_pariet_inf-Supramar 
                          15                           15 
           lh_G_parietal_sup             lh_G_postcentral 
                          15                           15 
             lh_G_precentral               lh_G_precuneus 
                          15                           15 
                 lh_G_rectus             lh_G_subcallosal 
                          15                           15 
    lh_G_temp_sup-G_T_transv        lh_G_temp_sup-Lateral 
                          15                           15 
    lh_G_temp_sup-Plan_polar     lh_G_temp_sup-Plan_tempo 
                          15                           15 
           lh_G_temporal_inf         lh_G_temporal_middle 
                          15                           15 
     lh_Lat_Fis-ant-Horizont      lh_Lat_Fis-ant-Vertical 
                          15                           15 
             lh_Lat_Fis-post            lh_Pole_occipital 
                          15                           15 
            lh_Pole_temporal               lh_S_calcarine 
                          15                           15 
                lh_S_central       lh_S_cingul-Marginalis 
                          15                           15 
    lh_S_circular_insula_ant     lh_S_circular_insula_inf 
                          15                           15 
    lh_S_circular_insula_sup       lh_S_collat_transv_ant 
                          15                           15 
     lh_S_collat_transv_post               lh_S_front_inf 
                          15                           15 
           lh_S_front_middle               lh_S_front_sup 
                          15                           15 
     lh_S_interm_prim-Jensen lh_S_intrapariet_and_P_trans 
                          15                           15 
  lh_S_oc_middle_and_Lunatus  lh_S_oc_sup_and_transversal 
                          15                           15 
            lh_S_oc-temp_lat lh_S_oc-temp_med_and_Lingual 
                          15                           15 
          lh_S_occipital_ant         lh_S_orbital_lateral 
                          15                           15 
     lh_S_orbital_med-olfact        lh_S_orbital-H_Shaped 
                          15                           15 
      lh_S_parieto_occipital            lh_S_pericallosal 
                          15                           15 
            lh_S_postcentral     lh_S_precentral-inf-part 
                          15                           15 
    lh_S_precentral-sup-part              lh_S_suborbital 
                          15                           15 
            lh_S_subparietal            lh_S_temporal_inf 
                          15                           15 
           lh_S_temporal_sup     lh_S_temporal_transverse 
                          15                           15 
       rh_G_and_S_cingul-Ant    rh_G_and_S_cingul-Mid-Ant 
                          15                           15 
  rh_G_and_S_cingul-Mid-Post      rh_G_and_S_frontomargin 
                          15                           15 
    rh_G_and_S_occipital_inf       rh_G_and_S_paracentral 
                          15                           15 
       rh_G_and_S_subcentral  rh_G_and_S_transv_frontopol 
                          15                           15 
     rh_G_cingul-Post-dorsal     rh_G_cingul-Post-ventral 
                          15                           15 
                 rh_G_cuneus     rh_G_front_inf-Opercular 
                          15                           15 
      rh_G_front_inf-Orbital      rh_G_front_inf-Triangul 
                          15                           15 
           rh_G_front_middle               rh_G_front_sup 
                          15                           15 
  rh_G_Ins_lg_and_S_cent_ins           rh_G_insular_short 
                          15                           15 
    rh_G_oc-temp_lat-fusifor     rh_G_oc-temp_med-Lingual 
                          15                           15 
    rh_G_oc-temp_med-Parahip        rh_G_occipital_middle 
                          15                           15 
          rh_G_occipital_sup                 rh_G_orbital 
                          15                           15 
     rh_G_pariet_inf-Angular                      (Other) 
                          15                          734 


10/11/25 14:35:39.245
   user  system elapsed 
258.624   2.592  93.708 

***** Summary information of model results *****

 Family: gaussian 
  Links: mu = identity 
Formula: Y ~ 1 + (1 | Subj) + (1 | ROI) 
   Data: lop$dataTable (Number of observations: 2219) 
  Draws: 4 chains, each with iter = 5000; warmup = 2500; thin = 1;
         total post-warmup draws = 10000

Multilevel Hyperparameters:
~ROI (Number of levels: 148) 
              Estimate Est.Error l-95% CI u-95% CI Rhat Bulk_ESS Tail_ESS
sd(Intercept)     0.14      0.01     0.13     0.16 1.00     1590     2969

~Subj (Number of levels: 15) 
              Estimate Est.Error l-95% CI u-95% CI Rhat Bulk_ESS Tail_ESS
sd(Intercept)     0.16      0.03     0.11     0.24 1.00     1719     3283

Regression Coefficients:
          Estimate Est.Error l-95% CI u-95% CI Rhat Bulk_ESS Tail_ESS
Intercept     0.99      0.04     0.91     1.08 1.00     1186     2397

Further Distributional Parameters:
      Estimate Est.Error l-95% CI u-95% CI Rhat Bulk_ESS Tail_ESS
sigma     0.14      0.00     0.13     0.14 1.00    11910     8066

Draws were sampled using sampling(NUTS). For each parameter, Bulk_ESS
and Tail_ESS are effective sample size measures, and Rhat is the potential
scale reduction factor on split chains (at convergence, Rhat = 1).


===== Summary of region effects for Intercept (RBA results) =====
                                  mean         SD P+      2.5%        5%       50%       95%     97.5%
lh_G_and_S_cingul-Ant        1.0821304 0.05352203  1 0.9766689 0.9941763 1.0821631 1.1709694 1.1889883
lh_G_and_S_cingul-Mid-Ant    1.0370416 0.05394908  1 0.9309323 0.9493138 1.0366096 1.1261273 1.1444388
lh_G_and_S_cingul-Mid-Post   1.0679779 0.05392977  1 0.9632576 0.9792440 1.0674344 1.1571436 1.1741887
lh_G_and_S_frontomargin      0.7446336 0.05325637  1 0.6397620 0.6583886 0.7445045 0.8334002 0.8505692
lh_G_and_S_occipital_inf     1.0174058 0.05485518  1 0.9119992 0.9280684 1.0166986 1.1095059 1.1271882
lh_G_and_S_paracentral       0.8152794 0.05446811  1 0.7087592 0.7259238 0.8145460 0.9057358 0.9231007
lh_G_and_S_subcentral        1.0315619 0.05436579  1 0.9271873 0.9437098 1.0310891 1.1220752 1.1376235
lh_G_and_S_transv_frontopol  0.5904241 0.05366251  1 0.4843815 0.5026833 0.5899081 0.6788205 0.6960970
lh_G_cingul-Post-dorsal      1.1795825 0.05413540  1 1.0746418 1.0920983 1.1793857 1.2698001 1.2885018
lh_G_cingul-Post-ventral     1.0819408 0.05420254  1 0.9768503 0.9934855 1.0814655 1.1711915 1.1911104
lh_G_cuneus                  1.1443484 0.05410955  1 1.0387435 1.0581540 1.1436571 1.2342546 1.2548020
lh_G_front_inf-Opercular     0.8388410 0.05350632  1 0.7360922 0.7524640 0.8385969 0.9265119 0.9441626
lh_G_front_inf-Orbital       0.7723126 0.05411892  1 0.6669364 0.6839505 0.7712765 0.8638897 0.8803874
lh_G_front_inf-Triangul      0.7636734 0.05347374  1 0.6593594 0.6745674 0.7641571 0.8505959 0.8678602
lh_G_front_middle            0.7828574 0.05487334  1 0.6759694 0.6942150 0.7817502 0.8742897 0.8920376
lh_G_front_sup               0.9290129 0.05321211  1 0.8230295 0.8392803 0.9296157 1.0150174 1.0338750
lh_G_Ins_lg_and_S_cent_ins   1.0844269 0.05436222  1 0.9776700 0.9961374 1.0850141 1.1727891 1.1907668
lh_G_insular_short           0.9848776 0.05393115  1 0.8791238 0.8955156 0.9851311 1.0737087 1.0915010
lh_G_oc-temp_lat-fusifor     1.1726003 0.05389663  1 1.0671207 1.0851204 1.1721717 1.2612091 1.2787502
lh_G_oc-temp_med-Lingual     1.1324793 0.05394419  1 1.0276026 1.0446791 1.1323340 1.2220027 1.2390608
lh_G_oc-temp_med-Parahip     1.1145603 0.05344107  1 1.0104152 1.0279625 1.1142573 1.2039068 1.2196638
lh_G_occipital_middle        0.8529516 0.05454267  1 0.7460544 0.7643989 0.8529321 0.9427711 0.9599301
lh_G_occipital_sup           0.9627284 0.05372975  1 0.8567965 0.8734759 0.9623270 1.0517762 1.0683768
lh_G_orbital                 0.9427543 0.05367986  1 0.8368595 0.8541801 0.9432520 1.0300435 1.0466088
lh_G_pariet_inf-Angular      0.8967969 0.05425635  1 0.7915037 0.8092313 0.8959563 0.9864174 1.0049934
lh_G_pariet_inf-Supramar     0.9017754 0.05386240  1 0.7967102 0.8133219 0.9021865 0.9917063 1.0081629
lh_G_parietal_sup            0.8031732 0.05349976  1 0.6978024 0.7155041 0.8030924 0.8919889 0.9088006
lh_G_postcentral             0.8321046 0.05424230  1 0.7243592 0.7423728 0.8320190 0.9209376 0.9381514
lh_G_precentral              0.8081760 0.05440955  1 0.7005859 0.7184819 0.8084698 0.8963854 0.9158663
lh_G_precuneus               1.0972168 0.05368061  1 0.9924405 1.0089936 1.0967710 1.1836384 1.2010347
lh_G_rectus                  0.8952699 0.05392228  1 0.7909365 0.8065539 0.8951926 0.9839855 1.0025455
lh_G_subcallosal             1.0688042 0.05412066  1 0.9628245 0.9794816 1.0693340 1.1584770 1.1762298
lh_G_temp_sup-G_T_transv     1.2607553 0.05442846  1 1.1556716 1.1728683 1.2603252 1.3507144 1.3683526
lh_G_temp_sup-Lateral        1.0301230 0.05388622  1 0.9248848 0.9421534 1.0301241 1.1188300 1.1353413
lh_G_temp_sup-Plan_polar     1.1477971 0.05340709  1 1.0438597 1.0614699 1.1469529 1.2375818 1.2548228
lh_G_temp_sup-Plan_tempo     1.0003621 0.05395382  1 0.8949957 0.9130833 1.0006905 1.0884474 1.1052084
lh_G_temporal_inf            1.0725653 0.05453136  1 0.9657560 0.9841283 1.0726553 1.1622736 1.1781086
lh_G_temporal_middle         0.9121053 0.05401009  1 0.8063480 0.8237121 0.9114505 1.0012808 1.0182223
lh_Lat_Fis-ant-Horizont      0.8824724 0.05407515  1 0.7768199 0.7954880 0.8817329 0.9733231 0.9904060
lh_Lat_Fis-ant-Vertical      0.8310421 0.05376471  1 0.7257385 0.7429246 0.8311515 0.9187870 0.9378644
lh_Lat_Fis-post              1.2438083 0.05440167  1 1.1369012 1.1547303 1.2443641 1.3327575 1.3500366
lh_Pole_occipital            1.0157391 0.05397970  1 0.9088921 0.9275870 1.0151230 1.1063422 1.1240826
lh_Pole_temporal             0.9499422 0.05323564  1 0.8451652 0.8627896 0.9497404 1.0374234 1.0547679
lh_S_calcarine               1.1945337 0.05377483  1 1.0900631 1.1070682 1.1943397 1.2815832 1.3002870
lh_S_central                 0.9430667 0.05413292  1 0.8362376 0.8544438 0.9433441 1.0341740 1.0504601
lh_S_cingul-Marginalis       1.1073783 0.05363840  1 1.0026956 1.0197844 1.1065313 1.1960978 1.2136864
lh_S_circular_insula_ant     1.0189631 0.05416481  1 0.9130694 0.9300565 1.0187621 1.1067137 1.1258648
lh_S_circular_insula_inf     1.1773620 0.05430321  1 1.0709102 1.0891136 1.1776203 1.2668936 1.2837705
lh_S_circular_insula_sup     1.1912656 0.05410967  1 1.0853082 1.1019025 1.1914860 1.2795377 1.2966624
lh_S_collat_transv_ant       0.9815413 0.05430485  1 0.8730865 0.8923005 0.9806727 1.0709410 1.0896324
lh_S_collat_transv_post      1.0194915 0.05371381  1 0.9145021 0.9315922 1.0193733 1.1094066 1.1266476
lh_S_front_inf               0.9676128 0.05383944  1 0.8629827 0.8787887 0.9675409 1.0556096 1.0708503
lh_S_front_middle            0.7874507 0.05395481  1 0.6821772 0.6979848 0.7875011 0.8768221 0.8933757
lh_S_front_sup               0.8172231 0.05419172  1 0.7118090 0.7287126 0.8168289 0.9064068 0.9241780
lh_S_interm_prim-Jensen      0.9295410 0.05391967  1 0.8262407 0.8428320 0.9286703 1.0200608 1.0388978
lh_S_intrapariet_and_P_trans 0.9824211 0.05392217  1 0.8742916 0.8934729 0.9823659 1.0710483 1.0870729
lh_S_oc_middle_and_Lunatus   0.9143325 0.05406376  1 0.8079767 0.8267095 0.9139736 1.0028990 1.0201722
lh_S_oc_sup_and_transversal  1.0123959 0.05373280  1 0.9062859 0.9245705 1.0118863 1.1001895 1.1183691
lh_S_oc-temp_lat             1.0648214 0.05407245  1 0.9564487 0.9757761 1.0650574 1.1537519 1.1712956
lh_S_oc-temp_med_and_Lingual 1.1621291 0.05390378  1 1.0544611 1.0732354 1.1620571 1.2498704 1.2677049
lh_S_occipital_ant           1.0277708 0.05446940  1 0.9219404 0.9394184 1.0277218 1.1171898 1.1357746
lh_S_orbital_lateral         0.6697701 0.05416227  1 0.5632481 0.5810606 0.6694539 0.7590156 0.7751341
lh_S_orbital_med-olfact      1.0101657 0.05408059  1 0.9033488 0.9205605 1.0107442 1.0987308 1.1160730
lh_S_orbital-H_Shaped        0.9534892 0.05370416  1 0.8475490 0.8650964 0.9526821 1.0424994 1.0589989
lh_S_parieto_occipital       1.1446151 0.05407270  1 1.0355048 1.0547963 1.1450477 1.2334991 1.2483521
lh_S_pericallosal            1.1306864 0.05414435  1 1.0232963 1.0421492 1.1304326 1.2190688 1.2378141
lh_S_postcentral             0.9121852 0.05390345  1 0.8069331 0.8228254 0.9123295 0.9991303 1.0168172
lh_S_precentral-inf-part     1.0150368 0.05414009  1 0.9096388 0.9267958 1.0151080 1.1038361 1.1218515
lh_S_precentral-sup-part     0.8592215 0.05411372  1 0.7521455 0.7724934 0.8583839 0.9476775 0.9657906
lh_S_suborbital              1.0326478 0.05389140  1 0.9249453 0.9448001 1.0320894 1.1229598 1.1407422
lh_S_subparietal             1.1988800 0.05470482  1 1.0924575 1.1085613 1.1984830 1.2907276 1.3077773
lh_S_temporal_inf            0.9781505 0.05393289  1 0.8733836 0.8904216 0.9781246 1.0661027 1.0842283
lh_S_temporal_sup            0.9200010 0.05392699  1 0.8138623 0.8319923 0.9197186 1.0093191 1.0256895
lh_S_temporal_transverse     1.1403739 0.05419675  1 1.0341312 1.0497716 1.1403005 1.2299220 1.2460649
rh_G_and_S_cingul-Ant        1.0644594 0.05437753  1 0.9585207 0.9748956 1.0641406 1.1555625 1.1725660
rh_G_and_S_cingul-Mid-Ant    1.0216947 0.05403511  1 0.9169449 0.9352443 1.0212215 1.1113905 1.1275499
rh_G_and_S_cingul-Mid-Post   1.0245845 0.05434923  1 0.9170142 0.9345061 1.0243915 1.1143702 1.1308120
rh_G_and_S_frontomargin      0.6854558 0.05437658  1 0.5818291 0.5982565 0.6851074 0.7751872 0.7946867
rh_G_and_S_occipital_inf     1.0071935 0.05453008  1 0.9001105 0.9200320 1.0070227 1.0970647 1.1145143
rh_G_and_S_paracentral       0.7708034 0.05457242  1 0.6639941 0.6813354 0.7708499 0.8603740 0.8785013
rh_G_and_S_subcentral        1.0477844 0.05411018  1 0.9411809 0.9582330 1.0471837 1.1354238 1.1523324
rh_G_and_S_transv_frontopol  0.6237129 0.05466509  1 0.5163871 0.5348335 0.6229016 0.7137705 0.7322646
rh_G_cingul-Post-dorsal      1.1757300 0.05372576  1 1.0699760 1.0865318 1.1756454 1.2649898 1.2827122
rh_G_cingul-Post-ventral     1.1304829 0.05323760  1 1.0262371 1.0437798 1.1295489 1.2204234 1.2352067
rh_G_cuneus                  1.1666467 0.05409548  1 1.0600635 1.0774045 1.1666862 1.2555721 1.2751523
rh_G_front_inf-Opercular     0.9348562 0.05447923  1 0.8301134 0.8467388 0.9346878 1.0245297 1.0427623
rh_G_front_inf-Orbital       0.8324845 0.05374108  1 0.7256905 0.7440253 0.8317375 0.9217918 0.9391059
rh_G_front_inf-Triangul      0.7896829 0.05394614  1 0.6836235 0.7014106 0.7890070 0.8789071 0.8965207
rh_G_front_middle            0.7688651 0.05364200  1 0.6653674 0.6815681 0.7686761 0.8558514 0.8730543
rh_G_front_sup               0.9255318 0.05449930  1 0.8173978 0.8359968 0.9251372 1.0166457 1.0326115
rh_G_Ins_lg_and_S_cent_ins   1.0015449 0.05403589  1 0.8939169 0.9116791 1.0018854 1.0910384 1.1060004
rh_G_insular_short           0.9573991 0.05426318  1 0.8512289 0.8675827 0.9572656 1.0481872 1.0654980
rh_G_oc-temp_lat-fusifor     1.1921843 0.05437805  1 1.0844134 1.1025331 1.1922557 1.2809967 1.2979591
rh_G_oc-temp_med-Lingual     1.1222648 0.05421865  1 1.0161208 1.0330713 1.1222227 1.2123419 1.2294882
rh_G_oc-temp_med-Parahip     1.0704681 0.05410343  1 0.9673578 0.9824326 1.0702062 1.1589545 1.1767075
rh_G_occipital_middle        0.9489834 0.05370472  1 0.8459084 0.8613645 0.9486941 1.0379725 1.0557912
rh_G_occipital_sup           0.9478063 0.05400472  1 0.8428016 0.8598748 0.9468014 1.0380565 1.0583665
rh_G_orbital                 1.0172341 0.05361160  1 0.9092343 0.9288116 1.0172996 1.1047129 1.1208815
rh_G_pariet_inf-Angular      0.9344922 0.05415926  1 0.8299115 0.8458471 0.9341830 1.0235499 1.0396963
rh_G_pariet_inf-Supramar     0.9891300 0.05367859  1 0.8821920 0.8996388 0.9895264 1.0759837 1.0926937
rh_G_parietal_sup            0.8084025 0.05376648  1 0.7029595 0.7203247 0.8086456 0.8973587 0.9129336
rh_G_postcentral             0.8942502 0.05389250  1 0.7884705 0.8054566 0.8943328 0.9831200 0.9995618
rh_G_precentral              0.8589098 0.05372306  1 0.7545655 0.7717935 0.8585393 0.9481820 0.9648520
rh_G_precuneus               1.0800849 0.05400202  1 0.9743697 0.9924835 1.0796361 1.1684694 1.1852046
rh_G_rectus                  0.9153891 0.05389156  1 0.8113982 0.8280334 0.9141720 1.0064743 1.0214752
rh_G_subcallosal             1.0832497 0.05382811  1 0.9773521 0.9939521 1.0833937 1.1716472 1.1880756
rh_G_temp_sup-G_T_transv     1.2217849 0.05342515  1 1.1169269 1.1334666 1.2221646 1.3087632 1.3257181
rh_G_temp_sup-Lateral        1.0327697 0.05362423  1 0.9273147 0.9446619 1.0328748 1.1223015 1.1388770
rh_G_temp_sup-Plan_polar     1.1224456 0.05361687  1 1.0135705 1.0350969 1.1226172 1.2104326 1.2269333
rh_G_temp_sup-Plan_tempo     1.0501831 0.05374807  1 0.9462571 0.9622008 1.0498485 1.1387624 1.1562676
rh_G_temporal_inf            1.0487113 0.05392731  1 0.9448640 0.9606087 1.0483512 1.1376971 1.1570343
rh_G_temporal_middle         0.8963702 0.05425066  1 0.7900811 0.8077733 0.8967709 0.9856700 1.0036738
rh_Lat_Fis-ant-Horizont      0.9102225 0.05398753  1 0.8027028 0.8210797 0.9105811 0.9980046 1.0159391
rh_Lat_Fis-ant-Vertical      0.9161536 0.05331280  1 0.8139901 0.8303181 0.9145782 1.0041755 1.0214569
rh_Lat_Fis-post              1.2277164 0.05399542  1 1.1203180 1.1380959 1.2275871 1.3159452 1.3323885
rh_Pole_occipital            1.0914616 0.05394413  1 0.9859776 1.0032272 1.0917386 1.1791818 1.1984854
rh_Pole_temporal             0.9972753 0.05362034  1 0.8904119 0.9081807 0.9970921 1.0842791 1.1019491
rh_S_calcarine               1.2214299 0.05381085  1 1.1153221 1.1325780 1.2217929 1.3094229 1.3270147
rh_S_central                 0.8843583 0.05387694  1 0.7796835 0.7952220 0.8841424 0.9725244 0.9892014
rh_S_cingul-Marginalis       1.0839810 0.05385581  1 0.9764260 0.9939011 1.0845256 1.1716838 1.1895934
rh_S_circular_insula_ant     1.0392613 0.05405898  1 0.9319164 0.9495431 1.0397323 1.1260530 1.1435387
rh_S_circular_insula_inf     1.1831210 0.05316467  1 1.0814745 1.0973907 1.1821810 1.2699374 1.2883060
rh_S_circular_insula_sup     1.1477940 0.05385789  1 1.0422504 1.0595896 1.1476152 1.2370713 1.2524302
rh_S_collat_transv_ant       0.9689169 0.05410889  1 0.8617924 0.8803914 0.9687493 1.0580821 1.0749816
rh_S_collat_transv_post      1.0447370 0.05414747  1 0.9380394 0.9556519 1.0438952 1.1343309 1.1505240
rh_S_front_inf               0.9861800 0.05431676  1 0.8810593 0.8979069 0.9860934 1.0750583 1.0923379
rh_S_front_middle            0.8354304 0.05390611  1 0.7300524 0.7473495 0.8359035 0.9244045 0.9413135
rh_S_front_sup               0.8591712 0.05421674  1 0.7537870 0.7696688 0.8590890 0.9487346 0.9677379
rh_S_interm_prim-Jensen      1.0033782 0.05403657  1 0.8971588 0.9144623 1.0041687 1.0910622 1.1078885
rh_S_intrapariet_and_P_trans 0.9415920 0.05467351  1 0.8347294 0.8516236 0.9418077 1.0324657 1.0483405
rh_S_oc_middle_and_Lunatus   1.0221448 0.05393681  1 0.9175101 0.9332970 1.0218054 1.1113326 1.1280199
rh_S_oc_sup_and_transversal  1.0437792 0.05378599  1 0.9397811 0.9556975 1.0434717 1.1316750 1.1475965
rh_S_oc-temp_lat             1.0406244 0.05365326  1 0.9349527 0.9530471 1.0409126 1.1290913 1.1454539
rh_S_oc-temp_med_and_Lingual 1.1592632 0.05409856  1 1.0531959 1.0712139 1.1588339 1.2482346 1.2662704
rh_S_occipital_ant           1.0384623 0.05390437  1 0.9351834 0.9495962 1.0388386 1.1289809 1.1472590
rh_S_orbital_lateral         0.7375177 0.05415147  1 0.6315993 0.6490214 0.7372044 0.8269723 0.8438605
rh_S_orbital_med-olfact      1.0417430 0.05393199  1 0.9369753 0.9547999 1.0421417 1.1304893 1.1477450
rh_S_orbital-H_Shaped        0.9910307 0.05397699  1 0.8854672 0.9026908 0.9917243 1.0788853 1.0973032
rh_S_parieto_occipital       1.1475725 0.05381933  1 1.0416751 1.0612688 1.1474176 1.2366644 1.2536361
rh_S_pericallosal            1.1025890 0.05411856  1 0.9962076 1.0140760 1.1018087 1.1924123 1.2088747
rh_S_postcentral             0.9152008 0.05347281  1 0.8097983 0.8275062 0.9148235 1.0033344 1.0198032
rh_S_precentral-inf-part     0.9959563 0.05383756  1 0.8888554 0.9073572 0.9956140 1.0840067 1.0998953
rh_S_precentral-sup-part     0.8692848 0.05408935  1 0.7646164 0.7790358 0.8690835 0.9585833 0.9771540
rh_S_suborbital              0.9506577 0.05449246  1 0.8457849 0.8613904 0.9510576 1.0415702 1.0582467
rh_S_subparietal             1.2065983 0.05397277  1 1.0996671 1.1174139 1.2071449 1.2946742 1.3113680
rh_S_temporal_inf            0.9504740 0.05440427  1 0.8443964 0.8607261 0.9509660 1.0400164 1.0556308
rh_S_temporal_sup            1.0333578 0.05370557  1 0.9281061 0.9455234 1.0335746 1.1217166 1.1382770
rh_S_temporal_transverse     1.2007611 0.05398741  1 1.0951073 1.1130917 1.2009411 1.2884338 1.3052076


===== Summary of region effects under GLM for Intercept (for reference only): no adjustment for multiplicity =====
                                  mean         SD 2-sided-p      2.5%        5%       50%       95%     97.5%
lh_G_and_S_cingul-Ant        1.0869884 0.05470554  0.00e+00 0.9696567 0.9906350 1.0869884 1.1833418 1.2043201
lh_G_and_S_cingul-Mid-Ant    1.0396706 0.03980520  0.00e+00 0.9542970 0.9695613 1.0396706 1.1097799 1.1250443
lh_G_and_S_cingul-Mid-Post   1.0723040 0.03961149  0.00e+00 0.9873458 1.0025359 1.0723040 1.1420721 1.1572622
lh_G_and_S_frontomargin      0.7279184 0.05121664  0.00e+00 0.6180696 0.6377100 0.7279184 0.8181268 0.8377672
lh_G_and_S_occipital_inf     1.0185160 0.06833470  0.00e+00 0.8719527 0.8981574 1.0185160 1.1388747 1.1650794
lh_G_and_S_paracentral       0.8035543 0.04484475  0.00e+00 0.7073719 0.7245688 0.8035543 0.8825399 0.8997368
lh_G_and_S_subcentral        1.0332864 0.03596904  0.00e+00 0.9561405 0.9699338 1.0332864 1.0966391 1.1104323
lh_G_and_S_transv_frontopol  0.5638675 0.04309585  0.00e+00 0.4714361 0.4879624 0.5638675 0.6397727 0.6562989
lh_G_cingul-Post-dorsal      1.1912973 0.03534294  0.00e+00 1.1154942 1.1290474 1.1912973 1.2535471 1.2671003
lh_G_cingul-Post-ventral     1.0870493 0.04801367  0.00e+00 0.9840703 1.0024824 1.0870493 1.1716163 1.1900284
lh_G_cuneus                  1.1535698 0.05210392  0.00e+00 1.0418180 1.0617986 1.1535698 1.2453409 1.2653216
lh_G_front_inf-Opercular     0.8277482 0.04608517  0.00e+00 0.7289053 0.7465779 0.8277482 0.9089185 0.9265910
lh_G_front_inf-Orbital       0.7576982 0.04293507  0.00e+00 0.6656116 0.6820762 0.7576982 0.8333202 0.8497848
lh_G_front_inf-Triangul      0.7481224 0.04941825  0.00e+00 0.6421307 0.6610815 0.7481224 0.8351632 0.8541140
lh_G_front_middle            0.7690517 0.04573671  0.00e+00 0.6709562 0.6884951 0.7690517 0.8496082 0.8671472
lh_G_front_sup               0.9241400 0.04191207  0.00e+00 0.8342475 0.8503198 0.9241400 0.9979601 1.0140324
lh_G_Ins_lg_and_S_cent_ins   1.0899267 0.06120433  0.00e+00 0.9586565 0.9821269 1.0899267 1.1977265 1.2211970
lh_G_insular_short           0.9840350 0.04413167  0.00e+00 0.8893820 0.9063054 0.9840350 1.0617645 1.0786880
lh_G_oc-temp_lat-fusifor     1.1841043 0.06511687  0.00e+00 1.0444425 1.0694133 1.1841043 1.2987953 1.3237661
lh_G_oc-temp_med-Lingual     1.1408852 0.05959690  0.00e+00 1.0130625 1.0359165 1.1408852 1.2458538 1.2687078
lh_G_oc-temp_med-Parahip     1.1219901 0.06311341  0.00e+00 0.9866253 1.0108279 1.1219901 1.2331524 1.2573549
lh_G_occipital_middle        0.8428993 0.07186792  1.00e-08 0.6887579 0.7163176 0.8428993 0.9694810 0.9970406
lh_G_occipital_sup           0.9599878 0.07245470  0.00e+00 0.8045879 0.8323726 0.9599878 1.0876030 1.1153877
lh_G_orbital                 0.9392761 0.04829375  0.00e+00 0.8356963 0.8542158 0.9392761 1.0243363 1.0428559
lh_G_pariet_inf-Angular      0.8902230 0.04614982  0.00e+00 0.7912414 0.8089388 0.8902230 0.9715071 0.9892045
lh_G_pariet_inf-Supramar     0.8948436 0.04397715  0.00e+00 0.8005220 0.8173862 0.8948436 0.9723010 0.9891652
lh_G_parietal_sup            0.7907209 0.04812546  0.00e+00 0.6875021 0.7059571 0.7907209 0.8754848 0.8939398
lh_G_postcentral             0.8211219 0.03508452  0.00e+00 0.7458731 0.7593271 0.8211219 0.8829166 0.8963707
lh_G_precentral              0.7961656 0.03261910  0.00e+00 0.7262046 0.7387133 0.7961656 0.8536180 0.8661266
lh_G_precuneus               1.1032584 0.04226519  0.00e+00 1.0126085 1.0288162 1.1032584 1.1777005 1.1939082
lh_G_rectus                  0.8886236 0.05467747  0.00e+00 0.7713521 0.7923196 0.8886236 0.9849275 1.0058951
lh_G_subcallosal             1.0725065 0.04936359  0.00e+00 0.9666322 0.9855620 1.0725065 1.1594511 1.1783809
lh_G_temp_sup-G_T_transv     1.2779451 0.04359094  0.00e+00 1.1844518 1.2011679 1.2779451 1.3547223 1.3714384
lh_G_temp_sup-Lateral        1.0315873 0.05520274  0.00e+00 0.9131891 0.9343581 1.0315873 1.1288164 1.1499854
lh_G_temp_sup-Plan_polar     1.1575617 0.06620865  0.00e+00 1.0155582 1.0409477 1.1575617 1.2741756 1.2995651
lh_G_temp_sup-Plan_tempo     1.0003038 0.04042279  0.00e+00 0.9136055 0.9291067 1.0003038 1.0715008 1.0870020
lh_G_temporal_inf            1.0771854 0.07609786  0.00e+00 0.9139717 0.9431534 1.0771854 1.2112173 1.2403990
lh_G_temporal_middle         0.9058796 0.07560088  1.00e-08 0.7437318 0.7727230 0.9058796 1.0390362 1.0680273
lh_Lat_Fis-ant-Horizont      0.8752432 0.04930673  0.00e+00 0.7694908 0.7883987 0.8752432 0.9620876 0.9809956
lh_Lat_Fis-ant-Vertical      0.8201769 0.04235061  0.00e+00 0.7293439 0.7455844 0.8201769 0.8947695 0.9110099
lh_Lat_Fis-post              1.2592925 0.03700652  0.00e+00 1.1799214 1.1941126 1.2592925 1.3244725 1.3386636
lh_Pole_occipital            1.0164628 0.06793730  0.00e+00 0.8707518 0.8968042 1.0164628 1.1361215 1.1621738
lh_Pole_temporal             0.9464395 0.06731379  0.00e+00 0.8020658 0.8278790 0.9464395 1.0649999 1.0908132
lh_S_calcarine               1.2070063 0.05300667  0.00e+00 1.0933184 1.1136452 1.2070063 1.3003675 1.3206943
lh_S_central                 0.9391905 0.04131025  0.00e+00 0.8505889 0.8664304 0.9391905 1.0119507 1.0277922
lh_S_cingul-Marginalis       1.1145322 0.03578877  0.00e+00 1.0377729 1.0514970 1.1145322 1.1775673 1.1912915
lh_S_circular_insula_ant     1.0199577 0.05905214  0.00e+00 0.8933035 0.9159486 1.0199577 1.1239669 1.1466120
lh_S_circular_insula_inf     1.1885137 0.06229379  0.00e+00 1.0549068 1.0787950 1.1885137 1.2982324 1.3221206
lh_S_circular_insula_sup     1.2036611 0.03360410  0.00e+00 1.1315875 1.1444739 1.2036611 1.2628483 1.2757347
lh_S_collat_transv_ant       0.9806541 0.07444413  0.00e+00 0.8209874 0.8495349 0.9806541 1.1117733 1.1403209
lh_S_collat_transv_post      1.0203806 0.05228240  0.00e+00 0.9082460 0.9282951 1.0203806 1.1124662 1.1325152
lh_S_front_inf               0.9656450 0.04156002  0.00e+00 0.8765076 0.8924449 0.9656450 1.0388451 1.0547824
lh_S_front_middle            0.7734134 0.04008632  0.00e+00 0.6874368 0.7028090 0.7734134 0.8440179 0.8593900
lh_S_front_sup               0.8054063 0.04749725  0.00e+00 0.7035348 0.7217489 0.8054063 0.8890636 0.9072777
lh_S_interm_prim-Jensen      0.9249619 0.06078338  0.00e+00 0.7945945 0.8179035 0.9249619 1.0320203 1.0553293
lh_S_intrapariet_and_P_trans 0.9809240 0.05629139  0.00e+00 0.8601910 0.8817774 0.9809240 1.0800706 1.1016570
lh_S_oc_middle_and_Lunatus   0.9085194 0.07126548  0.00e+00 0.7556701 0.7829988 0.9085194 1.0340400 1.0613686
lh_S_oc_sup_and_transversal  1.0130188 0.07084638  0.00e+00 0.8610684 0.8882364 1.0130188 1.1378013 1.1649692
lh_S_oc-temp_lat             1.0688606 0.05420087  0.00e+00 0.9526113 0.9733961 1.0688606 1.1643252 1.1851099
lh_S_oc-temp_med_and_Lingual 1.1719109 0.06731894  0.00e+00 1.0275262 1.0533414 1.1719109 1.2904805 1.3162957
lh_S_occipital_ant           1.0292423 0.07350069  0.00e+00 0.8715990 0.8997848 1.0292423 1.1586998 1.1868856
lh_S_orbital_lateral         0.6486925 0.04777735  0.00e+00 0.5462203 0.5645418 0.6486925 0.7328433 0.7511648
lh_S_orbital_med-olfact      1.0107307 0.05109578  0.00e+00 0.9011411 0.9207351 1.0107307 1.1007262 1.1203202
lh_S_orbital-H_Shaped        0.9504116 0.04522402  0.00e+00 0.8534158 0.8707581 0.9504116 1.0300652 1.0474075
lh_S_parieto_occipital       1.1536915 0.03802809  0.00e+00 1.0721293 1.0867122 1.1536915 1.2206707 1.2352536
lh_S_pericallosal            1.1392031 0.04939982  0.00e+00 1.0332510 1.0521947 1.1392031 1.2262115 1.2451552
lh_S_postcentral             0.9063161 0.02955481  0.00e+00 0.8429274 0.8542610 0.9063161 0.9583713 0.9697049
lh_S_precentral-inf-part     1.0159571 0.04294843  0.00e+00 0.9238418 0.9403116 1.0159571 1.0916026 1.1080723
lh_S_precentral-sup-part     0.8499013 0.04416277  0.00e+00 0.7551816 0.7721170 0.8499013 0.9276857 0.9446211
lh_S_suborbital              1.0347416 0.05834122  0.00e+00 0.9096121 0.9319846 1.0347416 1.1374986 1.1598711
lh_S_subparietal             1.2115978 0.03774712  0.00e+00 1.1306383 1.1451134 1.2115978 1.2780822 1.2925573
lh_S_temporal_inf            0.9767235 0.06772086  0.00e+00 0.8314767 0.8574460 0.9767235 1.0960009 1.1219703
lh_S_temporal_sup            0.9149303 0.08243452  3.00e-08 0.7381258 0.7697375 0.9149303 1.0601230 1.0917347
lh_S_temporal_transverse     1.1486317 0.05574579  0.00e+00 1.0290689 1.0504461 1.1486317 1.2468173 1.2681945
rh_G_and_S_cingul-Ant        1.0682102 0.04341265  0.00e+00 0.9750993 0.9917470 1.0682102 1.1446733 1.1613211
rh_G_and_S_cingul-Mid-Ant    1.0225595 0.03889676  0.00e+00 0.9391342 0.9540502 1.0225595 1.0910687 1.1059847
rh_G_and_S_cingul-Mid-Post   1.0258979 0.03712695  0.00e+00 0.9462685 0.9605058 1.0258979 1.0912899 1.1055272
rh_G_and_S_frontomargin      0.6652114 0.05717252  1.00e-08 0.5425885 0.5645128 0.6652114 0.7659099 0.7878342
rh_G_and_S_occipital_inf     1.0079606 0.07437880  0.00e+00 0.8484339 0.8769565 1.0079606 1.1389647 1.1674872
rh_G_and_S_paracentral       0.7556232 0.02954950  0.00e+00 0.6922458 0.7035773 0.7556232 0.8076690 0.8190005
rh_G_and_S_subcentral        1.0511425 0.03946890  0.00e+00 0.9664902 0.9816255 1.0511425 1.1206595 1.1357949
rh_G_and_S_transv_frontopol  0.5990822 0.07526631  1.45e-06 0.4376520 0.4665149 0.5990822 0.7316495 0.7605124
rh_G_cingul-Post-dorsal      1.1866638 0.03418369  0.00e+00 1.1133470 1.1264557 1.1866638 1.2468719 1.2599805
rh_G_cingul-Post-ventral     1.1391403 0.04862069  0.00e+00 1.0348593 1.0535042 1.1391403 1.2247764 1.2434213
rh_G_cuneus                  1.1769656 0.06169612  0.00e+00 1.0446406 1.0682996 1.1769656 1.2856316 1.3092906
rh_G_front_inf-Opercular     0.9311436 0.04361940  0.00e+00 0.8375893 0.8543163 0.9311436 1.0079709 1.0246979
rh_G_front_inf-Orbital       0.8211967 0.05649960  0.00e+00 0.7000171 0.7216834 0.8211967 0.9207100 0.9423763
rh_G_front_inf-Triangul      0.7761224 0.04405404  0.00e+00 0.6816359 0.6985296 0.7761224 0.8537153 0.8706090
rh_G_front_middle            0.7531060 0.03607801  0.00e+00 0.6757264 0.6895615 0.7531060 0.8166506 0.8304857
rh_G_front_sup               0.9203937 0.04936102  0.00e+00 0.8145249 0.8334537 0.9203937 1.0073338 1.0262626
rh_G_Ins_lg_and_S_cent_ins   1.0017188 0.04786892  0.00e+00 0.8990502 0.9174068 1.0017188 1.0860308 1.1043874
rh_G_insular_short           0.9542922 0.03904904  0.00e+00 0.8705403 0.8855147 0.9542922 1.0230696 1.0380440
rh_G_oc-temp_lat-fusifor     1.2045977 0.04784192  0.00e+00 1.1019870 1.1203333 1.2045977 1.2888622 1.3072085
rh_G_oc-temp_med-Lingual     1.1295572 0.05454902  0.00e+00 1.0125612 1.0334794 1.1295572 1.2256349 1.2465532
rh_G_oc-temp_med-Parahip     1.0748790 0.05048941  0.00e+00 0.9665900 0.9859515 1.0748790 1.1638065 1.1831680
rh_G_occipital_middle        0.9450769 0.07099145  0.00e+00 0.7928154 0.8200390 0.9450769 1.0701149 1.0973384
rh_G_occipital_sup           0.9441670 0.07492425  0.00e+00 0.7834705 0.8122022 0.9441670 1.0761318 1.1048635
rh_G_orbital                 1.0178111 0.05315401  0.00e+00 0.9038070 0.9241904 1.0178111 1.1114317 1.1318151
rh_G_pariet_inf-Angular      0.9297637 0.04929463  0.00e+00 0.8240372 0.8429405 0.9297637 1.0165868 1.0354901
rh_G_pariet_inf-Supramar     0.9874726 0.04675312  0.00e+00 0.8871971 0.9051258 0.9874726 1.0698193 1.0877480
rh_G_parietal_sup            0.7961251 0.05389652  0.00e+00 0.6805285 0.7011966 0.7961251 0.8910535 0.9117216
rh_G_postcentral             0.8871901 0.03146067  0.00e+00 0.8197136 0.8317781 0.8871901 0.9426021 0.9546665
rh_G_precentral              0.8491709 0.03562440  0.00e+00 0.7727642 0.7864253 0.8491709 0.9119165 0.9255777
rh_G_precuneus               1.0850317 0.04128340  0.00e+00 0.9964876 1.0123188 1.0850317 1.1577445 1.1735757
rh_G_rectus                  0.9093945 0.05467950  0.00e+00 0.7921187 0.8130870 0.9093945 1.0057021 1.0266704
rh_G_subcallosal             1.0883441 0.05237360  0.00e+00 0.9760140 0.9960980 1.0883441 1.1805903 1.2006743
rh_G_temp_sup-G_T_transv     1.2367391 0.03163875  0.00e+00 1.1688807 1.1810134 1.2367391 1.2924647 1.3045975
rh_G_temp_sup-Lateral        1.0346391 0.04628065  0.00e+00 0.9353770 0.9531245 1.0346391 1.1161537 1.1339012
rh_G_temp_sup-Plan_polar     1.1303068 0.04451014  0.00e+00 1.0348421 1.0519107 1.1303068 1.2087030 1.2257716
rh_G_temp_sup-Plan_tempo     1.0534976 0.03926760  0.00e+00 0.9692769 0.9843351 1.0534976 1.1226600 1.1377182
rh_G_temporal_inf            1.0518671 0.03416268  0.00e+00 0.9785955 0.9916960 1.0518671 1.1120382 1.1251388
rh_G_temporal_middle         0.8893820 0.05623971  0.00e+00 0.7687598 0.7903264 0.8893820 0.9884376 1.0100042
rh_Lat_Fis-ant-Horizont      0.9037550 0.04454958  0.00e+00 0.8082056 0.8252894 0.9037550 0.9822206 0.9993043
rh_Lat_Fis-ant-Vertical      0.9100776 0.04521567  0.00e+00 0.8130996 0.8304388 0.9100776 0.9897164 1.0070556
rh_Lat_Fis-post              1.2419336 0.03365261  0.00e+00 1.1697559 1.1826609 1.2419336 1.3012063 1.3141113
rh_Pole_occipital            1.0962746 0.06940261  0.00e+00 0.9474208 0.9740350 1.0962746 1.2185141 1.2451284
rh_Pole_temporal             0.9972596 0.04573583  0.00e+00 0.8991660 0.9167046 0.9972596 1.0778146 1.0953532
rh_S_calcarine               1.2355191 0.04973044  0.00e+00 1.1288579 1.1479284 1.2355191 1.3231099 1.3421803
rh_S_central                 0.8768026 0.03888465  0.00e+00 0.7934033 0.8083147 0.8768026 0.9452906 0.9602019
rh_S_cingul-Marginalis       1.0898623 0.02700400  0.00e+00 1.0319444 1.0422998 1.0898623 1.1374247 1.1477801
rh_S_circular_insula_ant     1.0415097 0.05159962  0.00e+00 0.9308395 0.9506267 1.0415097 1.1323926 1.1521798
rh_S_circular_insula_inf     1.1950972 0.04253462  0.00e+00 1.1038695 1.1201805 1.1950972 1.2700139 1.2863249
rh_S_circular_insula_sup     1.1562472 0.03314264  0.00e+00 1.0851632 1.0978727 1.1562472 1.2146216 1.2273311
rh_S_collat_transv_ant       0.9662997 0.04442876  0.00e+00 0.8710095 0.8880469 0.9662997 1.0445525 1.0615899
rh_S_collat_transv_post      1.0481110 0.06311581  0.00e+00 0.9127411 0.9369445 1.0481110 1.1592775 1.1834810
rh_S_front_inf               0.9848288 0.04023328  0.00e+00 0.8985370 0.9139655 0.9848288 1.0556921 1.0711206
rh_S_front_middle            0.8246281 0.04342678  0.00e+00 0.7314869 0.7481401 0.8246281 0.9011161 0.9177693
rh_S_front_sup               0.8497383 0.04094300  0.00e+00 0.7619243 0.7776249 0.8497383 0.9218516 0.9375523
rh_S_interm_prim-Jensen      1.0034449 0.03526135  0.00e+00 0.9278169 0.9413388 1.0034449 1.0655511 1.0790730
rh_S_intrapariet_and_P_trans 0.9376198 0.03584408  0.00e+00 0.8607419 0.8744873 0.9376198 1.0007523 1.0144977
rh_S_oc_middle_and_Lunatus   1.0233572 0.06721417  0.00e+00 0.8791971 0.9049722 1.0233572 1.1417422 1.1675172
rh_S_oc_sup_and_transversal  1.0465446 0.05523295  0.00e+00 0.9280817 0.9492622 1.0465446 1.1438270 1.1650075
rh_S_oc-temp_lat             1.0427501 0.05148598  0.00e+00 0.9323237 0.9520673 1.0427501 1.1334329 1.1531766
rh_S_oc-temp_med_and_Lingual 1.1695946 0.05198297  0.00e+00 1.0581022 1.0780364 1.1695946 1.2611527 1.2810870
rh_S_occipital_ant           1.0410140 0.06189195  0.00e+00 0.9082690 0.9320031 1.0410140 1.1500249 1.1737591
rh_S_orbital_lateral         0.7203889 0.05262909  0.00e+00 0.6075107 0.6276927 0.7203889 0.8130850 0.8332671
rh_S_orbital_med-olfact      1.0447054 0.05123429  0.00e+00 0.9348188 0.9544660 1.0447054 1.1349449 1.1545921
rh_S_orbital-H_Shaped        0.9901987 0.04560054  0.00e+00 0.8923953 0.9098820 0.9901987 1.0705154 1.0880022
rh_S_parieto_occipital       1.1567080 0.04291544  0.00e+00 1.0646636 1.0811206 1.1567080 1.2322954 1.2487525
rh_S_pericallosal            1.1086795 0.05462464  0.00e+00 0.9915214 1.0124686 1.1086795 1.2048905 1.2258377
rh_S_postcentral             0.9094679 0.03383094  0.00e+00 0.8369078 0.8498811 0.9094679 0.9690547 0.9820281
rh_S_precentral-inf-part     0.9955903 0.04130275  0.00e+00 0.9070048 0.9228434 0.9955903 1.0683373 1.0841759
rh_S_precentral-sup-part     0.8609857 0.03668857  0.00e+00 0.7822965 0.7963657 0.8609857 0.9256056 0.9396748
rh_S_suborbital              0.9356108 0.07322247  1.00e-08 0.7785642 0.8066433 0.9356108 1.0645783 1.0926574
rh_S_subparietal             1.2199679 0.03410322  0.00e+00 1.1468238 1.1599016 1.2199679 1.2800342 1.2931120
rh_S_temporal_inf            0.9473096 0.05658370  0.00e+00 0.8259496 0.8476481 0.9473096 1.0469710 1.0686696
rh_S_temporal_sup            1.0352048 0.05316163  0.00e+00 0.9211845 0.9415707 1.0352048 1.1288389 1.1492252
rh_S_temporal_transverse     1.2136755 0.04545122  0.00e+00 1.1161923 1.1336218 1.2136755 1.2937292 1.3111587


