===== Summary of variable information =====
Total number of ROIs: 148
Response variable Y - mean: -0.003448; SD: 0.032955
     Min.   1st Qu.    Median      Mean   3rd Qu.      Max. 
-0.146881 -0.024441 -0.004483 -0.003448  0.017178  0.131612 


Data structure:
'data.frame':	2219 obs. of  3 variables:
 $ Subj: Factor w/ 15 levels "1","2","3","4",..: 1 1 1 1 1 1 1 1 1 1 ...
 $ ROI : Factor w/ 148 levels "lh_G_and_S_cingul-Ant",..: 17 1 2 3 4 5 6 7 8 9 ...
 $ Y   : num  0.01091 0.04883 0.02614 0.02721 0.00822 ...
Subjects:
  1   2   3   4   5   6   7   8   9  10  11  12  13  14  15 
148 148 147 148 148 148 148 148 148 148 148 148 148 148 148 
ROIs:
       lh_G_and_S_cingul-Ant    lh_G_and_S_cingul-Mid-Ant 
                          15                           15 
  lh_G_and_S_cingul-Mid-Post      lh_G_and_S_frontomargin 
                          15                           15 
    lh_G_and_S_occipital_inf       lh_G_and_S_paracentral 
                          15                           15 
       lh_G_and_S_subcentral  lh_G_and_S_transv_frontopol 
                          15                           15 
     lh_G_cingul-Post-dorsal     lh_G_cingul-Post-ventral 
                          15                           15 
                 lh_G_cuneus     lh_G_front_inf-Opercular 
                          15                           15 
      lh_G_front_inf-Orbital      lh_G_front_inf-Triangul 
                          15                           15 
           lh_G_front_middle               lh_G_front_sup 
                          15                           15 
  lh_G_Ins_lg_and_S_cent_ins           lh_G_insular_short 
                          15                           15 
    lh_G_oc-temp_lat-fusifor     lh_G_oc-temp_med-Lingual 
                          15                           15 
    lh_G_oc-temp_med-Parahip        lh_G_occipital_middle 
                          15                           15 
          lh_G_occipital_sup                 lh_G_orbital 
                          15                           15 
     lh_G_pariet_inf-Angular     lh_G_pariet_inf-Supramar 
                          15                           15 
           lh_G_parietal_sup             lh_G_postcentral 
                          15                           15 
             lh_G_precentral               lh_G_precuneus 
                          15                           15 
                 lh_G_rectus             lh_G_subcallosal 
                          15                           15 
    lh_G_temp_sup-G_T_transv        lh_G_temp_sup-Lateral 
                          15                           15 
    lh_G_temp_sup-Plan_polar     lh_G_temp_sup-Plan_tempo 
                          15                           15 
           lh_G_temporal_inf         lh_G_temporal_middle 
                          15                           15 
     lh_Lat_Fis-ant-Horizont      lh_Lat_Fis-ant-Vertical 
                          15                           15 
             lh_Lat_Fis-post            lh_Pole_occipital 
                          15                           15 
            lh_Pole_temporal               lh_S_calcarine 
                          15                           15 
                lh_S_central       lh_S_cingul-Marginalis 
                          15                           15 
    lh_S_circular_insula_ant     lh_S_circular_insula_inf 
                          15                           15 
    lh_S_circular_insula_sup       lh_S_collat_transv_ant 
                          15                           15 
     lh_S_collat_transv_post               lh_S_front_inf 
                          15                           15 
           lh_S_front_middle               lh_S_front_sup 
                          15                           15 
     lh_S_interm_prim-Jensen lh_S_intrapariet_and_P_trans 
                          15                           15 
  lh_S_oc_middle_and_Lunatus  lh_S_oc_sup_and_transversal 
                          15                           15 
            lh_S_oc-temp_lat lh_S_oc-temp_med_and_Lingual 
                          15                           15 
          lh_S_occipital_ant         lh_S_orbital_lateral 
                          15                           15 
     lh_S_orbital_med-olfact        lh_S_orbital-H_Shaped 
                          15                           15 
      lh_S_parieto_occipital            lh_S_pericallosal 
                          15                           15 
            lh_S_postcentral     lh_S_precentral-inf-part 
                          15                           15 
    lh_S_precentral-sup-part              lh_S_suborbital 
                          15                           15 
            lh_S_subparietal            lh_S_temporal_inf 
                          15                           15 
           lh_S_temporal_sup     lh_S_temporal_transverse 
                          15                           15 
       rh_G_and_S_cingul-Ant    rh_G_and_S_cingul-Mid-Ant 
                          15                           15 
  rh_G_and_S_cingul-Mid-Post      rh_G_and_S_frontomargin 
                          15                           15 
    rh_G_and_S_occipital_inf       rh_G_and_S_paracentral 
                          15                           15 
       rh_G_and_S_subcentral  rh_G_and_S_transv_frontopol 
                          15                           15 
     rh_G_cingul-Post-dorsal     rh_G_cingul-Post-ventral 
                          15                           15 
                 rh_G_cuneus     rh_G_front_inf-Opercular 
                          15                           15 
      rh_G_front_inf-Orbital      rh_G_front_inf-Triangul 
                          15                           15 
           rh_G_front_middle               rh_G_front_sup 
                          15                           15 
  rh_G_Ins_lg_and_S_cent_ins           rh_G_insular_short 
                          15                           15 
    rh_G_oc-temp_lat-fusifor     rh_G_oc-temp_med-Lingual 
                          15                           15 
    rh_G_oc-temp_med-Parahip        rh_G_occipital_middle 
                          15                           15 
          rh_G_occipital_sup                 rh_G_orbital 
                          15                           15 
     rh_G_pariet_inf-Angular                      (Other) 
                          15                          734 


10/08/25 19:29:08.209
   user  system elapsed 
364.849   2.349 110.339 

***** Summary information of model results *****

 Family: gaussian 
  Links: mu = identity 
Formula: Y ~ 1 + (1 | Subj) + (1 | ROI) 
   Data: lop$dataTable (Number of observations: 2219) 
  Draws: 4 chains, each with iter = 5000; warmup = 2500; thin = 1;
         total post-warmup draws = 10000

Multilevel Hyperparameters:
~ROI (Number of levels: 148) 
              Estimate Est.Error l-95% CI u-95% CI Rhat Bulk_ESS Tail_ESS
sd(Intercept)     0.00      0.00     0.00     0.00 1.00     2005     3115

~Subj (Number of levels: 15) 
              Estimate Est.Error l-95% CI u-95% CI Rhat Bulk_ESS Tail_ESS
sd(Intercept)     0.02      0.00     0.01     0.03 1.01     2244     3861

Regression Coefficients:
          Estimate Est.Error l-95% CI u-95% CI Rhat Bulk_ESS Tail_ESS
Intercept    -0.00      0.00    -0.01     0.01 1.00     1613     2560

Further Distributional Parameters:
      Estimate Est.Error l-95% CI u-95% CI Rhat Bulk_ESS Tail_ESS
sigma     0.03      0.00     0.03     0.03 1.00    11236     6832

Draws were sampled using sampling(NUTS). For each parameter, Bulk_ESS
and Tail_ESS are effective sample size measures, and Rhat is the potential
scale reduction factor on split chains (at convergence, Rhat = 1).


===== Summary of region effects for Intercept (RBA results) =====
                                    mean         SD     P+        2.5%          5%         50%        95%      97.5%
lh_G_and_S_cingul-Ant        -0.00295397 0.00560930 0.2862 -0.01380072 -0.01180813 -0.00300111 0.00626101 0.00825248
lh_G_and_S_cingul-Mid-Ant    -0.00255839 0.00561260 0.3069 -0.01339253 -0.01139092 -0.00262196 0.00666982 0.00873613
lh_G_and_S_cingul-Mid-Post   -0.00289173 0.00562447 0.2896 -0.01405719 -0.01191710 -0.00296246 0.00624890 0.00812016
lh_G_and_S_frontomargin      -0.00180738 0.00572889 0.3632 -0.01282813 -0.01086281 -0.00193640 0.00762656 0.00973416
lh_G_and_S_occipital_inf     -0.00303833 0.00563115 0.2818 -0.01394409 -0.01207713 -0.00304228 0.00628248 0.00818247
lh_G_and_S_paracentral       -0.00196566 0.00568527 0.3508 -0.01301064 -0.01099225 -0.00201014 0.00735702 0.00950330
lh_G_and_S_subcentral        -0.00311889 0.00559422 0.2762 -0.01425118 -0.01221606 -0.00316817 0.00592661 0.00798560
lh_G_and_S_transv_frontopol  -0.00205041 0.00569079 0.3422 -0.01311133 -0.01101854 -0.00215529 0.00743944 0.00927252
lh_G_cingul-Post-dorsal      -0.00383048 0.00565421 0.2391 -0.01511720 -0.01296179 -0.00378458 0.00535877 0.00730516
lh_G_cingul-Post-ventral     -0.00490389 0.00572258 0.1830 -0.01654007 -0.01425477 -0.00483375 0.00424918 0.00607157
lh_G_cuneus                  -0.00332368 0.00565023 0.2649 -0.01442875 -0.01240454 -0.00329917 0.00568092 0.00783196
lh_G_front_inf-Opercular     -0.00347169 0.00567234 0.2551 -0.01484430 -0.01267953 -0.00344753 0.00563803 0.00763595
lh_G_front_inf-Orbital       -0.00295044 0.00560698 0.2861 -0.01406924 -0.01195291 -0.00300102 0.00616924 0.00798191
lh_G_front_inf-Triangul      -0.00310850 0.00559571 0.2759 -0.01438470 -0.01221558 -0.00305836 0.00603386 0.00783796
lh_G_front_middle            -0.00281950 0.00564100 0.2994 -0.01381090 -0.01187874 -0.00284993 0.00628104 0.00823751
lh_G_front_sup               -0.00327605 0.00561851 0.2660 -0.01455755 -0.01224879 -0.00328586 0.00580992 0.00775459
lh_G_Ins_lg_and_S_cent_ins   -0.00419299 0.00563209 0.2181 -0.01561145 -0.01339762 -0.00408426 0.00481162 0.00664526
lh_G_insular_short           -0.00273406 0.00562245 0.3011 -0.01379629 -0.01173259 -0.00278475 0.00652168 0.00848295
lh_G_oc-temp_lat-fusifor     -0.00396745 0.00564678 0.2270 -0.01523354 -0.01313196 -0.00395278 0.00516977 0.00712405
lh_G_oc-temp_med-Lingual     -0.00321179 0.00565940 0.2702 -0.01448788 -0.01225395 -0.00322797 0.00605739 0.00804063
lh_G_oc-temp_med-Parahip     -0.00367439 0.00565739 0.2446 -0.01491969 -0.01284773 -0.00367870 0.00539744 0.00726198
lh_G_occipital_middle        -0.00367406 0.00560204 0.2470 -0.01477789 -0.01273960 -0.00365013 0.00532676 0.00748138
lh_G_occipital_sup           -0.00322671 0.00560400 0.2693 -0.01434912 -0.01235025 -0.00322150 0.00578780 0.00760822
lh_G_orbital                 -0.00280957 0.00567406 0.2958 -0.01394299 -0.01179526 -0.00283641 0.00649520 0.00871591
lh_G_pariet_inf-Angular      -0.00475691 0.00576552 0.1925 -0.01616189 -0.01422570 -0.00464449 0.00438378 0.00627542
lh_G_pariet_inf-Supramar     -0.00384669 0.00564283 0.2392 -0.01499744 -0.01305298 -0.00382849 0.00526273 0.00703150
lh_G_parietal_sup            -0.00362429 0.00563577 0.2470 -0.01465281 -0.01269783 -0.00362653 0.00551016 0.00740984
lh_G_postcentral             -0.00365354 0.00560587 0.2417 -0.01467195 -0.01257403 -0.00364815 0.00556633 0.00721249
lh_G_precentral              -0.00307764 0.00568329 0.2801 -0.01423579 -0.01222188 -0.00310625 0.00624751 0.00808449
lh_G_precuneus               -0.00417782 0.00563223 0.2181 -0.01540148 -0.01356287 -0.00408605 0.00502793 0.00670954
lh_G_rectus                  -0.00440698 0.00566130 0.2026 -0.01569553 -0.01371412 -0.00438854 0.00477367 0.00668327
lh_G_subcallosal             -0.00625462 0.00603700 0.1368 -0.01864852 -0.01631589 -0.00598889 0.00315626 0.00494749
lh_G_temp_sup-G_T_transv     -0.00328557 0.00564374 0.2659 -0.01427226 -0.01233972 -0.00327964 0.00594051 0.00784222
lh_G_temp_sup-Lateral        -0.00415993 0.00566491 0.2197 -0.01548525 -0.01331854 -0.00405855 0.00479269 0.00686746
lh_G_temp_sup-Plan_polar     -0.00427174 0.00566958 0.2124 -0.01567898 -0.01350178 -0.00420279 0.00471382 0.00671089
lh_G_temp_sup-Plan_tempo     -0.00447482 0.00571297 0.2042 -0.01609221 -0.01383538 -0.00434500 0.00467356 0.00669022
lh_G_temporal_inf            -0.00286789 0.00561870 0.2934 -0.01367312 -0.01187804 -0.00288805 0.00629335 0.00838471
lh_G_temporal_middle         -0.00322403 0.00560428 0.2662 -0.01419802 -0.01213663 -0.00322469 0.00587217 0.00792554
lh_Lat_Fis-ant-Horizont      -0.00359557 0.00560045 0.2487 -0.01464854 -0.01272404 -0.00356991 0.00541675 0.00725041
lh_Lat_Fis-ant-Vertical      -0.00329734 0.00555669 0.2643 -0.01440007 -0.01231932 -0.00325590 0.00559128 0.00769910
lh_Lat_Fis-post              -0.00519200 0.00582365 0.1747 -0.01689133 -0.01495341 -0.00513690 0.00406779 0.00592997
lh_Pole_occipital            -0.00331512 0.00562922 0.2665 -0.01448478 -0.01230968 -0.00331731 0.00577302 0.00783089
lh_Pole_temporal             -0.00385782 0.00560496 0.2296 -0.01502843 -0.01302176 -0.00380400 0.00523671 0.00708650
lh_S_calcarine               -0.00335919 0.00563762 0.2601 -0.01460709 -0.01240991 -0.00336224 0.00577388 0.00794777
lh_S_central                 -0.00231282 0.00562643 0.3264 -0.01345289 -0.01125520 -0.00242115 0.00706526 0.00878961
lh_S_cingul-Marginalis       -0.00321647 0.00563083 0.2738 -0.01446123 -0.01221963 -0.00319219 0.00582602 0.00779276
lh_S_circular_insula_ant     -0.00310074 0.00565068 0.2812 -0.01428781 -0.01211929 -0.00310884 0.00609648 0.00818183
lh_S_circular_insula_inf     -0.00383230 0.00558319 0.2374 -0.01496831 -0.01287198 -0.00381859 0.00517043 0.00706695
lh_S_circular_insula_sup     -0.00311678 0.00561689 0.2753 -0.01434720 -0.01221804 -0.00310892 0.00609921 0.00796336
lh_S_collat_transv_ant       -0.00323812 0.00563425 0.2704 -0.01445129 -0.01236886 -0.00321248 0.00581745 0.00798997
lh_S_collat_transv_post      -0.00391844 0.00567107 0.2299 -0.01529812 -0.01313069 -0.00388412 0.00524273 0.00713740
lh_S_front_inf               -0.00199129 0.00566553 0.3483 -0.01298311 -0.01084434 -0.00210100 0.00736548 0.00935693
lh_S_front_middle            -0.00282553 0.00563047 0.2945 -0.01399529 -0.01175776 -0.00290003 0.00638869 0.00835106
lh_S_front_sup               -0.00319028 0.00566283 0.2740 -0.01429018 -0.01230108 -0.00317035 0.00602473 0.00787982
lh_S_interm_prim-Jensen      -0.00516200 0.00577615 0.1714 -0.01662258 -0.01469465 -0.00508776 0.00399867 0.00576779
lh_S_intrapariet_and_P_trans -0.00351390 0.00564132 0.2577 -0.01468786 -0.01252612 -0.00352767 0.00558629 0.00728787
lh_S_oc_middle_and_Lunatus   -0.00356214 0.00562507 0.2556 -0.01454301 -0.01264977 -0.00351159 0.00550950 0.00742023
lh_S_oc_sup_and_transversal  -0.00278719 0.00564542 0.2992 -0.01372416 -0.01175983 -0.00286253 0.00648056 0.00831154
lh_S_oc-temp_lat             -0.00395578 0.00566797 0.2294 -0.01533367 -0.01307329 -0.00395401 0.00522975 0.00705554
lh_S_oc-temp_med_and_Lingual -0.00349859 0.00563434 0.2519 -0.01468723 -0.01275028 -0.00351340 0.00574422 0.00768486
lh_S_occipital_ant           -0.00514565 0.00574731 0.1739 -0.01698425 -0.01475029 -0.00504800 0.00402494 0.00580805
lh_S_orbital_lateral         -0.00485150 0.00573543 0.1838 -0.01676315 -0.01433749 -0.00475844 0.00423290 0.00618354
lh_S_orbital_med-olfact      -0.00338070 0.00558018 0.2606 -0.01449866 -0.01233791 -0.00340195 0.00568031 0.00762997
lh_S_orbital-H_Shaped        -0.00214019 0.00568813 0.3388 -0.01307286 -0.01114776 -0.00220067 0.00725268 0.00938127
lh_S_parieto_occipital       -0.00341637 0.00561737 0.2600 -0.01458540 -0.01260611 -0.00337294 0.00564752 0.00748283
lh_S_pericallosal            -0.00327817 0.00559310 0.2671 -0.01421778 -0.01211457 -0.00330591 0.00570968 0.00773910
lh_S_postcentral             -0.00262840 0.00564136 0.3098 -0.01377609 -0.01157853 -0.00265112 0.00657795 0.00847922
lh_S_precentral-inf-part     -0.00373088 0.00560937 0.2389 -0.01473200 -0.01268964 -0.00372390 0.00531704 0.00736067
lh_S_precentral-sup-part     -0.00142947 0.00571587 0.3864 -0.01241807 -0.01035261 -0.00157933 0.00802014 0.01007450
lh_S_suborbital              -0.00352390 0.00565058 0.2520 -0.01456258 -0.01262967 -0.00346818 0.00556663 0.00757686
lh_S_subparietal             -0.00274266 0.00562504 0.2965 -0.01402018 -0.01187522 -0.00275678 0.00650010 0.00854554
lh_S_temporal_inf            -0.00453580 0.00567545 0.1973 -0.01616996 -0.01382863 -0.00447212 0.00436128 0.00633143
lh_S_temporal_sup            -0.00424487 0.00566594 0.2089 -0.01568885 -0.01362464 -0.00419710 0.00488326 0.00683697
lh_S_temporal_transverse     -0.00418257 0.00568361 0.2181 -0.01574709 -0.01339225 -0.00409167 0.00482476 0.00680973
rh_G_and_S_cingul-Ant        -0.00292613 0.00559904 0.2892 -0.01394032 -0.01187702 -0.00294396 0.00630866 0.00814670
rh_G_and_S_cingul-Mid-Ant    -0.00505455 0.00579878 0.1799 -0.01686940 -0.01456918 -0.00488981 0.00419042 0.00603435
rh_G_and_S_cingul-Mid-Post   -0.00445743 0.00568402 0.2019 -0.01592617 -0.01388797 -0.00438111 0.00460210 0.00656807
rh_G_and_S_frontomargin      -0.00294965 0.00561312 0.2857 -0.01384352 -0.01201270 -0.00300676 0.00629815 0.00800844
rh_G_and_S_occipital_inf     -0.00415779 0.00562781 0.2202 -0.01547126 -0.01323341 -0.00403763 0.00478955 0.00660293
rh_G_and_S_paracentral       -0.00322661 0.00564374 0.2698 -0.01433311 -0.01237377 -0.00322162 0.00594016 0.00784709
rh_G_and_S_subcentral        -0.00310310 0.00563360 0.2791 -0.01399758 -0.01205136 -0.00313653 0.00608229 0.00802008
rh_G_and_S_transv_frontopol  -0.00298362 0.00559604 0.2838 -0.01407075 -0.01201119 -0.00302358 0.00615049 0.00811712
rh_G_cingul-Post-dorsal      -0.00301230 0.00563939 0.2840 -0.01410854 -0.01212221 -0.00305924 0.00627984 0.00825420
rh_G_cingul-Post-ventral     -0.00287916 0.00558801 0.2915 -0.01387774 -0.01180405 -0.00287322 0.00631293 0.00814319
rh_G_cuneus                  -0.00531843 0.00586547 0.1692 -0.01720626 -0.01502368 -0.00525722 0.00413428 0.00589530
rh_G_front_inf-Opercular     -0.00400375 0.00565170 0.2270 -0.01537092 -0.01338420 -0.00390933 0.00506629 0.00697293
rh_G_front_inf-Orbital       -0.00335370 0.00560072 0.2643 -0.01454493 -0.01238922 -0.00337384 0.00579531 0.00764594
rh_G_front_inf-Triangul      -0.00328869 0.00559669 0.2700 -0.01437566 -0.01216365 -0.00327353 0.00574825 0.00773907
rh_G_front_middle            -0.00173952 0.00574957 0.3651 -0.01280431 -0.01072099 -0.00187771 0.00774699 0.00993800
rh_G_front_sup               -0.00468262 0.00570410 0.1921 -0.01624101 -0.01400762 -0.00458836 0.00457130 0.00642434
rh_G_Ins_lg_and_S_cent_ins   -0.00432061 0.00569456 0.2142 -0.01559569 -0.01359252 -0.00430665 0.00484449 0.00666185
rh_G_insular_short           -0.00459579 0.00568173 0.1978 -0.01610565 -0.01382736 -0.00455849 0.00452708 0.00637198
rh_G_oc-temp_lat-fusifor     -0.00325196 0.00563703 0.2681 -0.01429777 -0.01231744 -0.00324530 0.00580857 0.00793275
rh_G_oc-temp_med-Lingual     -0.00338253 0.00564409 0.2601 -0.01465397 -0.01247066 -0.00338654 0.00582276 0.00774131
rh_G_oc-temp_med-Parahip     -0.00386867 0.00566349 0.2358 -0.01551540 -0.01328935 -0.00382278 0.00519970 0.00719037
rh_G_occipital_middle        -0.00267418 0.00563326 0.3064 -0.01387811 -0.01178765 -0.00270249 0.00646646 0.00844357
rh_G_occipital_sup           -0.00433605 0.00568879 0.2103 -0.01566488 -0.01350566 -0.00430592 0.00487073 0.00679295
rh_G_orbital                 -0.00372652 0.00563086 0.2386 -0.01482665 -0.01283739 -0.00373813 0.00544948 0.00725462
rh_G_pariet_inf-Angular      -0.00396092 0.00564024 0.2266 -0.01499726 -0.01298858 -0.00395977 0.00529424 0.00700143
rh_G_pariet_inf-Supramar     -0.00592661 0.00593180 0.1477 -0.01802364 -0.01571615 -0.00579221 0.00345847 0.00540246
rh_G_parietal_sup            -0.00225153 0.00566677 0.3300 -0.01324162 -0.01114867 -0.00230617 0.00707543 0.00901281
rh_G_postcentral             -0.00236249 0.00565655 0.3256 -0.01345180 -0.01145089 -0.00240303 0.00688339 0.00899677
rh_G_precentral              -0.00285101 0.00560497 0.2913 -0.01392647 -0.01187906 -0.00285417 0.00631201 0.00835487
rh_G_precuneus               -0.00326927 0.00558677 0.2695 -0.01463261 -0.01228326 -0.00319194 0.00569171 0.00761673
rh_G_rectus                  -0.00096725 0.00581696 0.4151 -0.01200103 -0.00992588 -0.00115315 0.00880770 0.01099107
rh_G_subcallosal             -0.00520129 0.00575020 0.1727 -0.01669984 -0.01466476 -0.00512380 0.00396813 0.00565125
rh_G_temp_sup-G_T_transv     -0.00208588 0.00563047 0.3448 -0.01306045 -0.01117346 -0.00217395 0.00705157 0.00916570
rh_G_temp_sup-Lateral        -0.00460614 0.00572128 0.1981 -0.01631890 -0.01379895 -0.00454500 0.00460857 0.00652675
rh_G_temp_sup-Plan_polar     -0.00206226 0.00562663 0.3445 -0.01319230 -0.01088111 -0.00213682 0.00717051 0.00930116
rh_G_temp_sup-Plan_tempo     -0.00468237 0.00571834 0.1907 -0.01643561 -0.01419662 -0.00463868 0.00453097 0.00647042
rh_G_temporal_inf            -0.00298159 0.00566359 0.2894 -0.01410367 -0.01202755 -0.00292846 0.00618600 0.00816561
rh_G_temporal_middle         -0.00303692 0.00561839 0.2810 -0.01403573 -0.01206466 -0.00299287 0.00617980 0.00796754
rh_Lat_Fis-ant-Horizont      -0.00306290 0.00561440 0.2804 -0.01425051 -0.01214291 -0.00303914 0.00598077 0.00799929
rh_Lat_Fis-ant-Vertical      -0.00318147 0.00562877 0.2744 -0.01425095 -0.01216235 -0.00317845 0.00598597 0.00773820
rh_Lat_Fis-post              -0.00464784 0.00570012 0.1950 -0.01621264 -0.01400720 -0.00457735 0.00444213 0.00632353
rh_Pole_occipital            -0.00153541 0.00573157 0.3852 -0.01249361 -0.01051992 -0.00168140 0.00786380 0.00988788
rh_Pole_temporal             -0.00675809 0.00617466 0.1271 -0.01962114 -0.01726986 -0.00655609 0.00290980 0.00474725
rh_S_calcarine               -0.00335160 0.00563288 0.2654 -0.01450397 -0.01251084 -0.00336069 0.00569924 0.00765102
rh_S_central                 -0.00370967 0.00562915 0.2423 -0.01493957 -0.01290216 -0.00370619 0.00542487 0.00719423
rh_S_cingul-Marginalis       -0.00406760 0.00566229 0.2201 -0.01554355 -0.01339049 -0.00395044 0.00499044 0.00690852
rh_S_circular_insula_ant     -0.00341009 0.00564646 0.2572 -0.01446747 -0.01263636 -0.00337055 0.00582074 0.00778309
rh_S_circular_insula_inf     -0.00038210 0.00599765 0.4602 -0.01178589 -0.00964036 -0.00057231 0.00966015 0.01171830
rh_S_circular_insula_sup     -0.00305858 0.00559977 0.2814 -0.01443694 -0.01207661 -0.00307628 0.00600708 0.00772408
rh_S_collat_transv_ant       -0.00247934 0.00566729 0.3176 -0.01350824 -0.01151337 -0.00253519 0.00700854 0.00901462
rh_S_collat_transv_post      -0.00305624 0.00563991 0.2827 -0.01430684 -0.01227335 -0.00301876 0.00605911 0.00810489
rh_S_front_inf               -0.00265029 0.00563319 0.3046 -0.01371899 -0.01171424 -0.00263590 0.00650937 0.00859337
rh_S_front_middle            -0.00212810 0.00563982 0.3412 -0.01318400 -0.01109290 -0.00220593 0.00705264 0.00909388
rh_S_front_sup               -0.00335760 0.00560536 0.2629 -0.01448248 -0.01244037 -0.00332957 0.00569214 0.00767543
rh_S_interm_prim-Jensen      -0.00352868 0.00558277 0.2480 -0.01454574 -0.01261764 -0.00352161 0.00553647 0.00766018
rh_S_intrapariet_and_P_trans -0.00281849 0.00565514 0.2978 -0.01378174 -0.01171302 -0.00288666 0.00642259 0.00844690
rh_S_oc_middle_and_Lunatus   -0.00229372 0.00566946 0.3318 -0.01323356 -0.01122904 -0.00237951 0.00701777 0.00888909
rh_S_oc_sup_and_transversal  -0.00235996 0.00563099 0.3233 -0.01344159 -0.01134647 -0.00244829 0.00683090 0.00881609
rh_S_oc-temp_lat             -0.00405492 0.00568347 0.2267 -0.01548356 -0.01326823 -0.00396413 0.00508387 0.00695500
rh_S_oc-temp_med_and_Lingual -0.00359377 0.00560136 0.2426 -0.01479258 -0.01263639 -0.00355758 0.00550237 0.00732919
rh_S_occipital_ant           -0.00365602 0.00562452 0.2491 -0.01483709 -0.01274572 -0.00363921 0.00538812 0.00721595
rh_S_orbital_lateral         -0.00305043 0.00562434 0.2779 -0.01423814 -0.01206312 -0.00308574 0.00607588 0.00786826
rh_S_orbital_med-olfact      -0.00262779 0.00563851 0.3047 -0.01363303 -0.01167688 -0.00270738 0.00667450 0.00860286
rh_S_orbital-H_Shaped        -0.00431303 0.00564714 0.2099 -0.01555657 -0.01347497 -0.00418210 0.00479156 0.00642857
rh_S_parieto_occipital       -0.00544343 0.00585979 0.1643 -0.01758305 -0.01529191 -0.00534693 0.00390671 0.00574554
rh_S_pericallosal            -0.00369702 0.00561845 0.2435 -0.01502608 -0.01286113 -0.00364079 0.00532799 0.00726561
rh_S_postcentral             -0.00612923 0.00599715 0.1438 -0.01853413 -0.01601571 -0.00595915 0.00348152 0.00518349
rh_S_precentral-inf-part     -0.00353701 0.00559561 0.2500 -0.01467184 -0.01259919 -0.00348935 0.00551944 0.00745280
rh_S_precentral-sup-part     -0.00287885 0.00570287 0.2918 -0.01395945 -0.01191412 -0.00285735 0.00648013 0.00861616
rh_S_suborbital              -0.00375700 0.00567204 0.2419 -0.01511053 -0.01301908 -0.00366407 0.00528760 0.00718147
rh_S_subparietal             -0.00401492 0.00565645 0.2249 -0.01532456 -0.01330111 -0.00398780 0.00507361 0.00697481
rh_S_temporal_inf            -0.00292979 0.00566387 0.2928 -0.01420807 -0.01217258 -0.00293166 0.00622378 0.00822537
rh_S_temporal_sup            -0.00292990 0.00565016 0.2891 -0.01389488 -0.01187979 -0.00294720 0.00635006 0.00826938
rh_S_temporal_transverse     -0.00349905 0.00560656 0.2541 -0.01481899 -0.01256231 -0.00349627 0.00554363 0.00752459


===== Summary of region effects under GLM for Intercept (for reference only): no adjustment for multiplicity =====
                                    mean         SD  2-sided-p        2.5%          5%         50%         95%       97.5%
lh_G_and_S_cingul-Ant         0.00063842 0.01188228 0.95791042 -0.02484653 -0.02028996  0.00063842  0.02156680  0.02612337
lh_G_and_S_cingul-Mid-Ant     0.00387387 0.00967601 0.69493554 -0.01687912 -0.01316859  0.00387387  0.02091633  0.02462685
lh_G_and_S_cingul-Mid-Post    0.00106579 0.00517562 0.83981421 -0.01003482 -0.00805009  0.00106579  0.01018166  0.01216639
lh_G_and_S_frontomargin       0.00955946 0.00677173 0.17988467 -0.00496445 -0.00236765  0.00955946  0.02148657  0.02408337
lh_G_and_S_occipital_inf      0.00018038 0.00514601 0.97253247 -0.01085671 -0.00888334  0.00018038  0.00924410  0.01121748
lh_G_and_S_paracentral        0.00869318 0.00837292 0.31675451 -0.00926495 -0.00605413  0.00869318  0.02344049  0.02665131
lh_G_and_S_subcentral        -0.00096560 0.01056230 0.92845422 -0.02361948 -0.01956909 -0.00096560  0.01763788  0.02168827
lh_G_and_S_transv_frontopol   0.00767510 0.00862942 0.38880980 -0.01083317 -0.00752399  0.00767510  0.02287419  0.02618337
lh_G_cingul-Post-dorsal      -0.00637484 0.00795335 0.43621936 -0.02343308 -0.02038316 -0.00637484  0.00763348  0.01068340
lh_G_cingul-Post-ventral     -0.01512102 0.00581860 0.02102878 -0.02760067 -0.02536937 -0.01512102 -0.00487267 -0.00264138
lh_G_cuneus                  -0.00247047 0.00834298 0.77149050 -0.02036439 -0.01716505 -0.00247047  0.01222411  0.01542345
lh_G_front_inf-Opercular     -0.00361677 0.00558047 0.52739987 -0.01558568 -0.01344570 -0.00361677  0.00621217  0.00835214
lh_G_front_inf-Orbital        0.00064142 0.00609175 0.91763661 -0.01242408 -0.01008804  0.00064142  0.01137088  0.01370692
lh_G_front_inf-Triangul      -0.00091172 0.01007910 0.92920618 -0.02252923 -0.01866413 -0.00091172  0.01684070  0.02070580
lh_G_front_middle             0.00167280 0.00742206 0.82493871 -0.01424593 -0.01139974  0.00167280  0.01474534  0.01759153
lh_G_front_sup               -0.00214821 0.00837868 0.80137851 -0.02011870 -0.01690567 -0.00214821  0.01260924  0.01582227
lh_G_Ins_lg_and_S_cent_ins   -0.00917875 0.00604338 0.15106688 -0.02214051 -0.01982302 -0.00917875  0.00146553  0.00378302
lh_G_insular_short            0.00238153 0.00708126 0.74162175 -0.01280627 -0.01009077  0.00238153  0.01485383  0.01756933
lh_G_oc-temp_lat-fusifor     -0.00738596 0.00441709 0.11668930 -0.01685967 -0.01516582 -0.00738596  0.00039391  0.00208776
lh_G_oc-temp_med-Lingual     -0.00161990 0.00977038 0.87068714 -0.02257528 -0.01882857 -0.00161990  0.01558877  0.01933548
lh_G_oc-temp_med-Parahip     -0.00516261 0.00934492 0.58935086 -0.02520546 -0.02162191 -0.00516261  0.01129668  0.01488024
lh_G_occipital_middle        -0.00524304 0.00520381 0.33077386 -0.01640410 -0.01440856 -0.00524304  0.00392249  0.00591803
lh_G_occipital_sup           -0.00131803 0.00870874 0.88186175 -0.01999642 -0.01665682 -0.00131803  0.01402075  0.01736035
lh_G_orbital                  0.00197479 0.01079437 0.85746339 -0.02117684 -0.01703745  0.00197479  0.02098702  0.02512641
lh_G_pariet_inf-Angular      -0.01401825 0.00508648 0.01546220 -0.02492765 -0.02297711 -0.01401825 -0.00505939 -0.00310884
lh_G_pariet_inf-Supramar     -0.00643048 0.00932948 0.50192150 -0.02644022 -0.02286258 -0.00643048  0.01000162  0.01357926
lh_G_parietal_sup            -0.00477701 0.00734042 0.52572540 -0.02052065 -0.01770577 -0.00477701  0.00815175  0.01096663
lh_G_postcentral             -0.00513895 0.01342832 0.70769339 -0.03393983 -0.02879038 -0.00513895  0.01851248  0.02366193
lh_G_precentral              -0.00050773 0.00907365 0.95616701 -0.01996878 -0.01648925 -0.00050773  0.01547378  0.01895332
lh_G_precuneus               -0.00916752 0.00743468 0.23785158 -0.02511332 -0.02226230 -0.00916752  0.00392725  0.00677828
lh_G_rectus                  -0.01116747 0.01143117 0.34518284 -0.03568488 -0.03130130 -0.01116747  0.00896636  0.01334994
lh_G_subcallosal             -0.02565533 0.00662873 0.00169816 -0.03987255 -0.03733059 -0.02565533 -0.01398007 -0.01143811
lh_G_temp_sup-G_T_transv     -0.00190142 0.01078949 0.86263766 -0.02504257 -0.02090505 -0.00190142  0.01710221  0.02123972
lh_G_temp_sup-Lateral        -0.00893729 0.00962628 0.36891797 -0.02958361 -0.02589215 -0.00893729  0.00801758  0.01170903
lh_G_temp_sup-Plan_polar     -0.00979557 0.01251729 0.44691916 -0.03664250 -0.03184241 -0.00979557  0.01225127  0.01705136
lh_G_temp_sup-Plan_tempo     -0.01162405 0.00789919 0.16326198 -0.02856612 -0.02553697 -0.01162405  0.00228887  0.00531802
lh_G_temporal_inf             0.00117204 0.00785966 0.88358545 -0.01568526 -0.01267127  0.00117204  0.01501534  0.01802933
lh_G_temporal_middle         -0.00163070 0.00559792 0.77509023 -0.01363704 -0.01149037 -0.00163070  0.00822898  0.01037565
lh_Lat_Fis-ant-Horizont      -0.00476547 0.00803427 0.56254589 -0.02199725 -0.01891630 -0.00476547  0.00938537  0.01246632
lh_Lat_Fis-ant-Vertical      -0.00183305 0.00843489 0.83109604 -0.01992408 -0.01668950 -0.00183305  0.01302340  0.01625798
lh_Lat_Fis-post              -0.01705245 0.00659956 0.02164559 -0.03120710 -0.02867632 -0.01705245 -0.00542859 -0.00289781
lh_Pole_occipital            -0.00237691 0.00464671 0.61695599 -0.01234311 -0.01056121 -0.00237691  0.00580739  0.00758929
lh_Pole_temporal             -0.00666228 0.00776871 0.40556731 -0.02332452 -0.02034540 -0.00666228  0.00702083  0.00999995
lh_S_calcarine               -0.00272162 0.00817630 0.74416718 -0.02025804 -0.01712262 -0.00272162  0.01167939  0.01481481
lh_S_central                  0.00606918 0.00919265 0.51982719 -0.01364709 -0.01012192  0.00606918  0.02226029  0.02578545
lh_S_cingul-Marginalis       -0.00170656 0.00720284 0.81614394 -0.01715511 -0.01439299 -0.00170656  0.01097987  0.01374199
lh_S_circular_insula_ant     -0.00062392 0.00540162 0.90968382 -0.01220924 -0.01013785 -0.00062392  0.00889000  0.01096139
lh_S_circular_insula_inf     -0.00637368 0.00789086 0.43275694 -0.02329789 -0.02027193 -0.00637368  0.00752457  0.01055053
lh_S_circular_insula_sup     -0.00060153 0.00777280 0.93940939 -0.01727252 -0.01429183 -0.00060153  0.01308878  0.01606946
lh_S_collat_transv_ant       -0.00188114 0.00734706 0.80164350 -0.01763901 -0.01482159 -0.00188114  0.01105930  0.01387673
lh_S_collat_transv_post      -0.00709001 0.00852726 0.41967390 -0.02537916 -0.02210915 -0.00709001  0.00792914  0.01119914
lh_S_front_inf                0.00847900 0.00571838 0.16029651 -0.00378571 -0.00159285  0.00847900  0.01855085  0.02074371
lh_S_front_middle             0.00177425 0.00498349 0.72712962 -0.00891427 -0.00700322  0.00177425  0.01055171  0.01246277
lh_S_front_sup               -0.00109626 0.00691091 0.87622744 -0.01591869 -0.01326852 -0.00109626  0.01107599  0.01372616
lh_S_interm_prim-Jensen      -0.01722134 0.00923516 0.08331485 -0.03702880 -0.03348733 -0.01722134 -0.00095535  0.00258612
lh_S_intrapariet_and_P_trans -0.00399828 0.00712628 0.58362484 -0.01928264 -0.01654988 -0.00399828  0.00855331  0.01128607
lh_S_oc_middle_and_Lunatus   -0.00399679 0.00941868 0.67776132 -0.02419784 -0.02058600 -0.00399679  0.01259243  0.01620427
lh_S_oc_sup_and_transversal   0.00217776 0.00600141 0.72211858 -0.01069399 -0.00839259  0.00217776  0.01274811  0.01504951
lh_S_oc-temp_lat             -0.00732059 0.00603391 0.24511108 -0.02026203 -0.01794817 -0.00732059  0.00330700  0.00562086
lh_S_oc-temp_med_and_Lingual -0.00358839 0.00652551 0.59105212 -0.01758421 -0.01508183 -0.00358839  0.00790505  0.01040743
lh_S_occipital_ant           -0.01700748 0.00730316 0.03536347 -0.03267120 -0.02987061 -0.01700748 -0.00414435 -0.00134376
lh_S_orbital_lateral         -0.01461324 0.00621377 0.03385024 -0.02794046 -0.02555762 -0.01461324 -0.00366887 -0.00128603
lh_S_orbital_med-olfact      -0.00264785 0.00957448 0.78616433 -0.02318306 -0.01951148 -0.00264785  0.01421578  0.01788736
lh_S_orbital-H_Shaped         0.00700222 0.00973662 0.48387301 -0.01388077 -0.01014700  0.00700222  0.02415143  0.02788520
lh_S_parieto_occipital       -0.00300564 0.00882081 0.73835513 -0.02192440 -0.01854182 -0.00300564  0.01253054  0.01591311
lh_S_pericallosal            -0.00204022 0.00840077 0.81163558 -0.02005809 -0.01683659 -0.00204022  0.01275615  0.01597765
lh_S_postcentral              0.00316095 0.00962238 0.74739600 -0.01747701 -0.01378705  0.00316095  0.02010894  0.02379890
lh_S_precentral-inf-part     -0.00581732 0.00888005 0.52302225 -0.02486314 -0.02145785 -0.00581732  0.00982320  0.01322849
lh_S_precentral-sup-part      0.01339797 0.01026636 0.21292372 -0.00862118 -0.00468427  0.01339797  0.03148021  0.03541712
lh_S_suborbital              -0.00396277 0.01319252 0.76830172 -0.03225791 -0.02719889 -0.00396277  0.01927335  0.02433238
lh_S_subparietal              0.00222744 0.00675835 0.74659445 -0.01226778 -0.00967611  0.00222744  0.01413099  0.01672266
lh_S_temporal_inf            -0.01227266 0.00877842 0.18385564 -0.03110050 -0.02773418 -0.01227266  0.00318886  0.00655518
lh_S_temporal_sup            -0.00990911 0.00732094 0.19733733 -0.02561097 -0.02280356 -0.00990911  0.00298535  0.00579276
lh_S_temporal_transverse     -0.00929174 0.00826014 0.27955280 -0.02700798 -0.02384041 -0.00929174  0.00525693  0.00842450
rh_G_and_S_cingul-Ant         0.00085544 0.01209725 0.94462581 -0.02509057 -0.02045156  0.00085544  0.02216245  0.02680146
rh_G_and_S_cingul-Mid-Ant    -0.01626595 0.00711002 0.03822728 -0.03151542 -0.02878889 -0.01626595 -0.00374301 -0.00101648
rh_G_and_S_cingul-Mid-Post   -0.01155146 0.00738367 0.14002716 -0.02738786 -0.02455639 -0.01155146  0.00145348  0.00428495
rh_G_and_S_frontomargin       0.00089600 0.00963588 0.92723201 -0.01977089 -0.01607576  0.00089600  0.01786777  0.02156290
rh_G_and_S_occipital_inf     -0.00901960 0.00839505 0.30081476 -0.02702519 -0.02380588 -0.00901960  0.00576668  0.00898599
rh_G_and_S_paracentral       -0.00174751 0.00729961 0.81426656 -0.01740362 -0.01460439 -0.00174751  0.01110937  0.01390860
rh_G_and_S_subcentral        -0.00060828 0.01061969 0.95513285 -0.02338525 -0.01931285 -0.00060828  0.01809629  0.02216869
rh_G_and_S_transv_frontopol   0.00030299 0.00887949 0.97326160 -0.01874163 -0.01533655  0.00030299  0.01594252  0.01934760
rh_G_cingul-Post-dorsal      -0.00007963 0.00888604 0.99297635 -0.01913830 -0.01573071 -0.00007963  0.01557145  0.01897904
rh_G_cingul-Post-ventral      0.00135174 0.00415081 0.74949984 -0.00755086 -0.00595912  0.00135174  0.00866261  0.01025434
rh_G_cuneus                  -0.01815666 0.00354457 0.00015517 -0.02575901 -0.02439975 -0.01815666 -0.01191357 -0.01055431
rh_G_front_inf-Opercular     -0.00798896 0.00962278 0.42035111 -0.02862777 -0.02493766 -0.00798896  0.00895975  0.01264986
rh_G_front_inf-Orbital       -0.00257513 0.01246006 0.83924293 -0.02929931 -0.02452116 -0.00257513  0.01937091  0.02414906
rh_G_front_inf-Triangul      -0.00243562 0.00675865 0.72394852 -0.01693147 -0.01433969 -0.00243562  0.00946845  0.01206023
rh_G_front_middle             0.01031631 0.00885130 0.26328507 -0.00866784 -0.00527357  0.01031631  0.02590620  0.02930047
rh_G_front_sup               -0.01317510 0.00797339 0.12069831 -0.03027633 -0.02721872 -0.01317510  0.00086851  0.00392612
rh_G_Ins_lg_and_S_cent_ins   -0.01002908 0.00781886 0.22043550 -0.02679887 -0.02380052 -0.01002908  0.00374236  0.00674071
rh_G_insular_short           -0.01244403 0.00909824 0.19294864 -0.03195781 -0.02846885 -0.01244403  0.00358078  0.00706974
rh_G_oc-temp_lat-fusifor     -0.00182738 0.00760177 0.81351332 -0.01813156 -0.01521646 -0.00182738  0.01156170  0.01447680
rh_G_oc-temp_med-Lingual     -0.00242636 0.00667276 0.72157304 -0.01673800 -0.01417916 -0.00242636  0.00932644  0.01188529
rh_G_oc-temp_med-Parahip     -0.00678865 0.00906391 0.46627013 -0.02622881 -0.02275301 -0.00678865  0.00917571  0.01265150
rh_G_occipital_middle         0.00291123 0.00515723 0.58135008 -0.00814994 -0.00617226  0.00291123  0.01199471  0.01397239
rh_G_occipital_sup           -0.01048364 0.00626970 0.11669307 -0.02393080 -0.02152652 -0.01048364  0.00055924  0.00296352
rh_G_orbital                 -0.00538775 0.00940701 0.57590550 -0.02556378 -0.02195641 -0.00538775  0.01118091  0.01478827
rh_G_pariet_inf-Angular      -0.00745114 0.00881669 0.41225604 -0.02636106 -0.02298006 -0.00745114  0.00807779  0.01145878
rh_G_pariet_inf-Supramar     -0.02351598 0.01086855 0.04827080 -0.04682669 -0.04265886 -0.02351598 -0.00437310 -0.00020527
rh_G_parietal_sup             0.00601460 0.00764324 0.44444774 -0.01037852 -0.00744752  0.00601460  0.01947672  0.02240772
rh_G_postcentral              0.00555693 0.01056742 0.60721842 -0.01710792 -0.01305557  0.00555693  0.02416944  0.02822179
rh_G_precentral               0.00140595 0.00945034 0.88385477 -0.01886302 -0.01523903  0.00140595  0.01805093  0.02167492
rh_G_precuneus               -0.00193091 0.01050889 0.85685181 -0.02447024 -0.02044033 -0.00193091  0.01657851  0.02060843
rh_G_rectus                   0.01656662 0.01278186 0.21589955 -0.01084774 -0.00594619  0.01656662  0.03907944  0.04398099
rh_G_subcallosal             -0.01771293 0.00599332 0.01043285 -0.03056733 -0.02826903 -0.01771293 -0.00715683 -0.00485853
rh_G_temp_sup-G_T_transv      0.00754464 0.01110298 0.50789163 -0.01626888 -0.01201115  0.00754464  0.02710044  0.03135817
rh_G_temp_sup-Lateral        -0.01296414 0.01023943 0.22614020 -0.03492554 -0.03099896 -0.01296414  0.00507068  0.00899726
rh_G_temp_sup-Plan_polar      0.00785905 0.00904482 0.39955282 -0.01154017 -0.00807169  0.00785905  0.02378979  0.02725827
rh_G_temp_sup-Plan_tempo     -0.01320028 0.00938160 0.18122730 -0.03332181 -0.02972419 -0.01320028  0.00332364  0.00692126
rh_G_temporal_inf             0.00019818 0.00691194 0.97753108 -0.01462646 -0.01197589  0.00019818  0.01237225  0.01502281
rh_G_temporal_middle          0.00005637 0.00968572 0.99543883 -0.02071744 -0.01700319  0.00005637  0.01711593  0.02083017
rh_Lat_Fis-ant-Horizont       0.00006654 0.00954621 0.99453678 -0.02040804 -0.01674729  0.00006654  0.01688038  0.02054112
rh_Lat_Fis-ant-Vertical      -0.00153687 0.01342059 0.91045487 -0.03032117 -0.02517469 -0.00153687  0.02210094  0.02724742
rh_Lat_Fis-post              -0.01320483 0.00889398 0.15979010 -0.03228052 -0.02886989 -0.01320483  0.00246022  0.00587085
rh_Pole_occipital             0.01202304 0.00701326 0.10851033 -0.00301891 -0.00032949  0.01202304  0.02437557  0.02706499
rh_Pole_temporal             -0.03018330 0.00997470 0.00907188 -0.05157691 -0.04775184 -0.03018330 -0.01261475 -0.00878969
rh_S_calcarine               -0.00259309 0.00600113 0.67224983 -0.01546423 -0.01316293 -0.00259309  0.00797676  0.01027805
rh_S_central                 -0.00532249 0.01023871 0.61129682 -0.02728233 -0.02335602 -0.00532249  0.01271105  0.01663735
rh_S_cingul-Marginalis       -0.00839135 0.00906793 0.37044099 -0.02784012 -0.02436278 -0.00839135  0.00758008  0.01105741
rh_S_circular_insula_ant     -0.00273432 0.01004572 0.78945089 -0.02428025 -0.02042795 -0.00273432  0.01495931  0.01881161
rh_S_circular_insula_inf      0.02150016 0.00947411 0.03958072  0.00118021  0.00481331  0.02150016  0.03818701  0.04182011
rh_S_circular_insula_sup     -0.00014857 0.00849155 0.98628731 -0.01836113 -0.01510482 -0.00014857  0.01480768  0.01806399
rh_S_collat_transv_ant        0.00444371 0.01003388 0.66462557 -0.01707683 -0.01322907  0.00444371  0.02211649  0.02596425
rh_S_collat_transv_post      -0.00005092 0.00746319 0.99465216 -0.01605788 -0.01319592 -0.00005092  0.01309407  0.01595603
rh_S_front_inf                0.00320602 0.01275376 0.80517365 -0.02414807 -0.01925730  0.00320602  0.02566934  0.03056011
rh_S_front_middle             0.00696628 0.00848905 0.42561591 -0.01124093 -0.00798557  0.00696628  0.02191814  0.02517349
rh_S_front_sup               -0.00254611 0.00634374 0.69421561 -0.01615208 -0.01371940 -0.00254611  0.00862718  0.01105985
rh_S_interm_prim-Jensen      -0.00403340 0.00847299 0.64139603 -0.02220616 -0.01895696 -0.00403340  0.01089017  0.01413936
rh_S_intrapariet_and_P_trans  0.00168066 0.00652297 0.80042425 -0.01230973 -0.00980832  0.00168066  0.01316963  0.01567104
rh_S_oc_middle_and_Lunatus    0.00593737 0.00529231 0.28078414 -0.00541350 -0.00338402  0.00593737  0.01525877  0.01728825
rh_S_oc_sup_and_transversal   0.00527615 0.00803169 0.52188778 -0.01195011 -0.00887015  0.00527615  0.01942244  0.02250241
rh_S_oc-temp_lat             -0.00821304 0.00559248 0.16405342 -0.02020771 -0.01806313 -0.00821304  0.00163705  0.00378164
rh_S_oc-temp_med_and_Lingual -0.00462322 0.00611433 0.46210601 -0.01773716 -0.01539245 -0.00462322  0.00614601  0.00849071
rh_S_occipital_ant           -0.00507917 0.00543324 0.36571940 -0.01673231 -0.01464879 -0.00507917  0.00449045  0.00657397
rh_S_orbital_lateral         -0.00000611 0.00877183 0.99945371 -0.01881983 -0.01545604 -0.00000611  0.01544381  0.01880760
rh_S_orbital_med-olfact       0.00311133 0.01054196 0.77222014 -0.01949893 -0.01545633  0.00311133  0.02167900  0.02572159
rh_S_orbital-H_Shaped        -0.00999404 0.00771913 0.21636701 -0.02654994 -0.02358983 -0.00999404  0.00360175  0.00656185
rh_S_parieto_occipital       -0.01940208 0.00766127 0.02391536 -0.03583386 -0.03289595 -0.01940208 -0.00590822 -0.00297030
rh_S_pericallosal            -0.00561282 0.00814058 0.50178664 -0.02307263 -0.01995091 -0.00561282  0.00872528  0.01184700
rh_S_postcentral             -0.02495188 0.00836000 0.00984601 -0.04288229 -0.03967642 -0.02495188 -0.01022733 -0.00702147
rh_S_precentral-inf-part     -0.00429219 0.01022785 0.68110460 -0.02622876 -0.02230661 -0.00429219  0.01372223  0.01764437
rh_S_precentral-sup-part      0.00150125 0.00791524 0.85229388 -0.01547525 -0.01243995  0.00150125  0.01544244  0.01847774
rh_S_suborbital              -0.00505569 0.00767523 0.52158283 -0.02151742 -0.01857415 -0.00505569  0.00846276  0.01140603
rh_S_subparietal             -0.00788032 0.00791227 0.33617221 -0.02485045 -0.02181628 -0.00788032  0.00605564  0.00908981
rh_S_temporal_inf             0.00061143 0.01147733 0.95826748 -0.02400499 -0.01960371  0.00061143  0.02082656  0.02522784
rh_S_temporal_sup             0.00065110 0.00499912 0.89822757 -0.01007095 -0.00815391  0.00065110  0.00945610  0.01137315
rh_S_temporal_transverse     -0.00370489 0.01272504 0.77520577 -0.03099739 -0.02611764 -0.00370489  0.01870785  0.02358761


