===== Summary of variable information =====
Total number of ROIs: 148
Response variable Y - mean: 0.093197; SD: 0.118858
    Min.  1st Qu.   Median     Mean  3rd Qu.     Max. 
-0.03903  0.01710  0.04989  0.09320  0.12517  0.73955 


Data structure:
'data.frame':	2219 obs. of  3 variables:
 $ Subj: Factor w/ 15 levels "1","2","3","4",..: 1 1 1 1 1 1 1 1 1 1 ...
 $ ROI : Factor w/ 148 levels "lh_G_and_S_cingul-Ant",..: 17 1 2 3 4 5 6 7 8 9 ...
 $ Y   : num  0.17831 0.00286 0.06251 0.1053 0.0063 ...
Subjects:
  1   2   3   4   5   6   7   8   9  10  11  12  13  14  15 
148 148 147 148 148 148 148 148 148 148 148 148 148 148 148 
ROIs:
       lh_G_and_S_cingul-Ant    lh_G_and_S_cingul-Mid-Ant 
                          15                           15 
  lh_G_and_S_cingul-Mid-Post      lh_G_and_S_frontomargin 
                          15                           15 
    lh_G_and_S_occipital_inf       lh_G_and_S_paracentral 
                          15                           15 
       lh_G_and_S_subcentral  lh_G_and_S_transv_frontopol 
                          15                           15 
     lh_G_cingul-Post-dorsal     lh_G_cingul-Post-ventral 
                          15                           15 
                 lh_G_cuneus     lh_G_front_inf-Opercular 
                          15                           15 
      lh_G_front_inf-Orbital      lh_G_front_inf-Triangul 
                          15                           15 
           lh_G_front_middle               lh_G_front_sup 
                          15                           15 
  lh_G_Ins_lg_and_S_cent_ins           lh_G_insular_short 
                          15                           15 
    lh_G_oc-temp_lat-fusifor     lh_G_oc-temp_med-Lingual 
                          15                           15 
    lh_G_oc-temp_med-Parahip        lh_G_occipital_middle 
                          15                           15 
          lh_G_occipital_sup                 lh_G_orbital 
                          15                           15 
     lh_G_pariet_inf-Angular     lh_G_pariet_inf-Supramar 
                          15                           15 
           lh_G_parietal_sup             lh_G_postcentral 
                          15                           15 
             lh_G_precentral               lh_G_precuneus 
                          15                           15 
                 lh_G_rectus             lh_G_subcallosal 
                          15                           15 
    lh_G_temp_sup-G_T_transv        lh_G_temp_sup-Lateral 
                          15                           15 
    lh_G_temp_sup-Plan_polar     lh_G_temp_sup-Plan_tempo 
                          15                           15 
           lh_G_temporal_inf         lh_G_temporal_middle 
                          15                           15 
     lh_Lat_Fis-ant-Horizont      lh_Lat_Fis-ant-Vertical 
                          15                           15 
             lh_Lat_Fis-post            lh_Pole_occipital 
                          15                           15 
            lh_Pole_temporal               lh_S_calcarine 
                          15                           15 
                lh_S_central       lh_S_cingul-Marginalis 
                          15                           15 
    lh_S_circular_insula_ant     lh_S_circular_insula_inf 
                          15                           15 
    lh_S_circular_insula_sup       lh_S_collat_transv_ant 
                          15                           15 
     lh_S_collat_transv_post               lh_S_front_inf 
                          15                           15 
           lh_S_front_middle               lh_S_front_sup 
                          15                           15 
     lh_S_interm_prim-Jensen lh_S_intrapariet_and_P_trans 
                          15                           15 
  lh_S_oc_middle_and_Lunatus  lh_S_oc_sup_and_transversal 
                          15                           15 
            lh_S_oc-temp_lat lh_S_oc-temp_med_and_Lingual 
                          15                           15 
          lh_S_occipital_ant         lh_S_orbital_lateral 
                          15                           15 
     lh_S_orbital_med-olfact        lh_S_orbital-H_Shaped 
                          15                           15 
      lh_S_parieto_occipital            lh_S_pericallosal 
                          15                           15 
            lh_S_postcentral     lh_S_precentral-inf-part 
                          15                           15 
    lh_S_precentral-sup-part              lh_S_suborbital 
                          15                           15 
            lh_S_subparietal            lh_S_temporal_inf 
                          15                           15 
           lh_S_temporal_sup     lh_S_temporal_transverse 
                          15                           15 
       rh_G_and_S_cingul-Ant    rh_G_and_S_cingul-Mid-Ant 
                          15                           15 
  rh_G_and_S_cingul-Mid-Post      rh_G_and_S_frontomargin 
                          15                           15 
    rh_G_and_S_occipital_inf       rh_G_and_S_paracentral 
                          15                           15 
       rh_G_and_S_subcentral  rh_G_and_S_transv_frontopol 
                          15                           15 
     rh_G_cingul-Post-dorsal     rh_G_cingul-Post-ventral 
                          15                           15 
                 rh_G_cuneus     rh_G_front_inf-Opercular 
                          15                           15 
      rh_G_front_inf-Orbital      rh_G_front_inf-Triangul 
                          15                           15 
           rh_G_front_middle               rh_G_front_sup 
                          15                           15 
  rh_G_Ins_lg_and_S_cent_ins           rh_G_insular_short 
                          15                           15 
    rh_G_oc-temp_lat-fusifor     rh_G_oc-temp_med-Lingual 
                          15                           15 
    rh_G_oc-temp_med-Parahip        rh_G_occipital_middle 
                          15                           15 
          rh_G_occipital_sup                 rh_G_orbital 
                          15                           15 
     rh_G_pariet_inf-Angular                      (Other) 
                          15                          734 


10/08/25 19:22:26.205
   user  system elapsed 
217.799   2.333  78.893 

***** Summary information of model results *****

 Family: student 
  Links: mu = identity 
Formula: Y ~ 1 + (1 | Subj) + (1 | ROI) 
   Data: lop$dataTable (Number of observations: 2219) 
  Draws: 4 chains, each with iter = 5000; warmup = 2500; thin = 1;
         total post-warmup draws = 10000

Multilevel Hyperparameters:
~ROI (Number of levels: 148) 
              Estimate Est.Error l-95% CI u-95% CI Rhat Bulk_ESS Tail_ESS
sd(Intercept)     0.06      0.00     0.05     0.07 1.00     1184     2343

~Subj (Number of levels: 15) 
              Estimate Est.Error l-95% CI u-95% CI Rhat Bulk_ESS Tail_ESS
sd(Intercept)     0.03      0.01     0.02     0.05 1.00     1919     3718

Regression Coefficients:
          Estimate Est.Error l-95% CI u-95% CI Rhat Bulk_ESS Tail_ESS
Intercept     0.07      0.01     0.05     0.09 1.01      754     1494

Further Distributional Parameters:
      Estimate Est.Error l-95% CI u-95% CI Rhat Bulk_ESS Tail_ESS
sigma     0.04      0.00     0.04     0.04 1.00     5486     6923
nu        1.95      0.14     1.70     2.24 1.00     5442     7201

Draws were sampled using sampling(NUTS). For each parameter, Bulk_ESS
and Tail_ESS are effective sample size measures, and Rhat is the potential
scale reduction factor on split chains (at convergence, Rhat = 1).


===== Summary of region effects for Intercept (RBA results) =====
                                   mean         SD     P+        2.5%          5%        50%        95%      97.5%
lh_G_and_S_cingul-Ant        0.02379078 0.01280465 0.9673 -0.00131991  0.00276474 0.02386547 0.04479536 0.04902090
lh_G_and_S_cingul-Mid-Ant    0.03324155 0.01347912 0.9932  0.00691724  0.01094976 0.03322288 0.05549866 0.06001264
lh_G_and_S_cingul-Mid-Post   0.05547240 0.01505588 1.0000  0.02701179  0.03140682 0.05521300 0.08088137 0.08618332
lh_G_and_S_frontomargin      0.02538110 0.01390793 0.9687 -0.00128370  0.00289556 0.02533787 0.04874739 0.05304631
lh_G_and_S_occipital_inf     0.00769342 0.01388387 0.7102 -0.01907629 -0.01447449 0.00753868 0.03054189 0.03584378
lh_G_and_S_paracentral       0.03178875 0.01327637 0.9903  0.00544589  0.00973476 0.03177456 0.05335024 0.05814050
lh_G_and_S_subcentral        0.15106523 0.02672964 1.0000  0.10163136  0.10880874 0.14987592 0.19654479 0.20451932
lh_G_and_S_transv_frontopol  0.02463828 0.01283863 0.9731 -0.00037561  0.00366511 0.02446433 0.04606262 0.05009723
lh_G_cingul-Post-dorsal      0.05579507 0.01440264 1.0000  0.02726186  0.03210977 0.05581821 0.07974270 0.08443086
lh_G_cingul-Post-ventral     0.06738087 0.01448072 1.0000  0.03935219  0.04383860 0.06744591 0.09113802 0.09565810
lh_G_cuneus                  0.02034991 0.01306627 0.9412 -0.00529145 -0.00116940 0.02031734 0.04146949 0.04640606
lh_G_front_inf-Opercular     0.05655911 0.01562488 0.9999  0.02678114  0.03112702 0.05634010 0.08282801 0.08753903
lh_G_front_inf-Orbital       0.05274482 0.01339503 0.9999  0.02637591  0.03084919 0.05274057 0.07467328 0.07930675
lh_G_front_inf-Triangul      0.06027798 0.01580180 1.0000  0.02892359  0.03444658 0.06036238 0.08625188 0.09153142
lh_G_front_middle            0.02631070 0.01294738 0.9795  0.00124785  0.00526464 0.02635847 0.04742227 0.05170565
lh_G_front_sup               0.02739106 0.01364799 0.9773  0.00050294  0.00459924 0.02745756 0.04973007 0.05390087
lh_G_Ins_lg_and_S_cent_ins   0.10508760 0.02182727 1.0000  0.06234693  0.06948611 0.10475191 0.14057813 0.14804299
lh_G_insular_short           0.07046545 0.01842936 0.9999  0.03548768  0.04142691 0.06987165 0.10177176 0.10780681
lh_G_oc-temp_lat-fusifor     0.09252090 0.01466168 1.0000  0.06396812  0.06833395 0.09262859 0.11615177 0.12108120
lh_G_oc-temp_med-Lingual     0.02255667 0.01426186 0.9407 -0.00597982 -0.00124958 0.02277661 0.04543898 0.05014539
lh_G_oc-temp_med-Parahip     0.06551172 0.01371905 1.0000  0.03873590  0.04330145 0.06532838 0.08837344 0.09251261
lh_G_occipital_middle        0.01272049 0.01380825 0.8232 -0.01482545 -0.00977075 0.01286522 0.03551187 0.03959434
lh_G_occipital_sup           0.01016900 0.01425014 0.7692 -0.01841485 -0.01366575 0.01028950 0.03354484 0.03768058
lh_G_orbital                 0.14817919 0.01582071 1.0000  0.11698065  0.12226779 0.14826972 0.17410155 0.17883373
lh_G_pariet_inf-Angular      0.04242794 0.01358670 0.9988  0.01634606  0.02069022 0.04198369 0.06498958 0.06914213
lh_G_pariet_inf-Supramar     0.14168996 0.01987942 1.0000  0.10535577  0.11101142 0.14096493 0.17591461 0.18425642
lh_G_parietal_sup            0.02325716 0.01333032 0.9597 -0.00289503  0.00140061 0.02319560 0.04545679 0.04972073
lh_G_postcentral             0.09666225 0.01856127 1.0000  0.06227599  0.06750833 0.09598685 0.12831192 0.13542941
lh_G_precentral              0.06218194 0.01961197 0.9995  0.02586178  0.03083098 0.06155341 0.09548466 0.10211034
lh_G_precuneus               0.02412690 0.01352499 0.9628 -0.00225521  0.00221743 0.02404902 0.04667933 0.05120591
lh_G_rectus                  0.04552657 0.01441717 0.9985  0.01695158  0.02174028 0.04557817 0.06894077 0.07382772
lh_G_subcallosal             0.06077252 0.01604337 1.0000  0.02895923  0.03437221 0.06081036 0.08694366 0.09167046
lh_G_temp_sup-G_T_transv     0.25335476 0.05469458 1.0000  0.15920418  0.16905662 0.25401603 0.33868386 0.34936457
lh_G_temp_sup-Lateral        0.08528492 0.01740079 1.0000  0.05185781  0.05714264 0.08515366 0.11385128 0.11958227
lh_G_temp_sup-Plan_polar     0.09111094 0.01705314 1.0000  0.05880006  0.06365646 0.09090594 0.11939720 0.12476749
lh_G_temp_sup-Plan_tempo     0.23564669 0.02337020 1.0000  0.18942619  0.19663282 0.23563567 0.27378478 0.28123373
lh_G_temporal_inf            0.08814009 0.01524449 1.0000  0.05856445  0.06316797 0.08804682 0.11310868 0.11816937
lh_G_temporal_middle         0.07278499 0.01674478 1.0000  0.04045205  0.04550909 0.07248070 0.10043685 0.10651774
lh_Lat_Fis-ant-Horizont      0.05451672 0.01440391 0.9995  0.02634383  0.03119320 0.05455982 0.07827448 0.08259774
lh_Lat_Fis-ant-Vertical      0.10179762 0.01740361 1.0000  0.06901176  0.07401913 0.10153448 0.13069365 0.13690333
lh_Lat_Fis-post              0.11763403 0.01764163 1.0000  0.08292564  0.08818889 0.11769683 0.14595245 0.15213291
lh_Pole_occipital            0.00668181 0.01329538 0.6919 -0.01973869 -0.01527247 0.00684827 0.02854333 0.03251907
lh_Pole_temporal             0.03616224 0.01420360 0.9933  0.00849569  0.01288274 0.03630992 0.05932890 0.06383670
lh_S_calcarine               0.03943004 0.01390380 0.9980  0.01236024  0.01677809 0.03949643 0.06238603 0.06681002
lh_S_central                 0.10710170 0.01859164 1.0000  0.07182711  0.07727019 0.10663133 0.13798200 0.14442211
lh_S_cingul-Marginalis       0.05019883 0.01352716 0.9997  0.02385651  0.02815729 0.05009461 0.07231811 0.07641371
lh_S_circular_insula_ant     0.04507198 0.01437417 0.9986  0.01692426  0.02166107 0.04485297 0.06850913 0.07336185
lh_S_circular_insula_inf     0.07433896 0.01914192 1.0000  0.04003133  0.04518951 0.07331168 0.10763072 0.11509421
lh_S_circular_insula_sup     0.09187501 0.02158760 1.0000  0.05467394  0.05989241 0.08999189 0.12991297 0.13943530
lh_S_collat_transv_ant       0.06872470 0.01562368 1.0000  0.03849273  0.04305138 0.06866010 0.09494218 0.09960060
lh_S_collat_transv_post      0.01468476 0.01334931 0.8677 -0.01125230 -0.00732985 0.01457419 0.03627874 0.04070526
lh_S_front_inf               0.11620787 0.01762328 1.0000  0.08153816  0.08742439 0.11617673 0.14483027 0.15079190
lh_S_front_middle            0.02403371 0.01368875 0.9583 -0.00290220  0.00125107 0.02419821 0.04641037 0.05081901
lh_S_front_sup               0.02776921 0.01415293 0.9762  0.00035669  0.00456781 0.02778400 0.05098579 0.05531836
lh_S_interm_prim-Jensen      0.05738299 0.01402766 1.0000  0.02958466  0.03412432 0.05738557 0.08095109 0.08513478
lh_S_intrapariet_and_P_trans 0.04127120 0.01479854 0.9985  0.01251490  0.01713726 0.04107438 0.06567879 0.07100530
lh_S_oc_middle_and_Lunatus   0.01362842 0.01390566 0.8393 -0.01302597 -0.00873161 0.01334729 0.03670715 0.04118770
lh_S_oc_sup_and_transversal  0.02524257 0.01361788 0.9701 -0.00109716  0.00329759 0.02494176 0.04792448 0.05243011
lh_S_oc-temp_lat             0.09052523 0.01469639 1.0000  0.06258056  0.06687256 0.09033111 0.11516813 0.12045615
lh_S_oc-temp_med_and_Lingual 0.12535001 0.01597576 1.0000  0.09440607  0.09893522 0.12547377 0.15149661 0.15653878
lh_S_occipital_ant           0.04220064 0.01401233 0.9984  0.01428354  0.01901929 0.04225122 0.06488092 0.06934470
lh_S_orbital_lateral         0.02393130 0.01436072 0.9507 -0.00433243  0.00010885 0.02379318 0.04781704 0.05236070
lh_S_orbital_med-olfact      0.18123190 0.02005447 1.0000  0.14083699  0.14686703 0.18204709 0.21303370 0.21830067
lh_S_orbital-H_Shaped        0.12219756 0.01573848 1.0000  0.09067432  0.09604822 0.12239410 0.14751029 0.15279960
lh_S_parieto_occipital       0.02081577 0.01342523 0.9368 -0.00579531 -0.00159326 0.02090624 0.04272765 0.04728283
lh_S_pericallosal            0.05036624 0.01412414 0.9997  0.02309303  0.02765487 0.05017710 0.07379085 0.07829231
lh_S_postcentral             0.05916811 0.01581441 0.9999  0.02798198  0.03319316 0.05931173 0.08500868 0.09002951
lh_S_precentral-inf-part     0.14241071 0.02602395 1.0000  0.09610237  0.10225532 0.14071950 0.18760463 0.19682325
lh_S_precentral-sup-part     0.05906408 0.01526960 0.9999  0.02929065  0.03425755 0.05912968 0.08469369 0.08937438
lh_S_suborbital              0.03175629 0.01444475 0.9847  0.00342295  0.00787616 0.03186533 0.05555480 0.06013532
lh_S_subparietal             0.05221801 0.01490305 0.9998  0.02291519  0.02792940 0.05205034 0.07677296 0.08116273
lh_S_temporal_inf            0.06559516 0.01669338 1.0000  0.03418486  0.03889730 0.06509771 0.09364587 0.09956095
lh_S_temporal_sup            0.05114049 0.01462217 0.9998  0.02272709  0.02791721 0.05094449 0.07541408 0.08091360
lh_S_temporal_transverse     0.20181162 0.01887932 1.0000  0.16355804  0.17045805 0.20177278 0.23248874 0.23799626
rh_G_and_S_cingul-Ant        0.02359812 0.01429243 0.9530 -0.00412702  0.00035804 0.02353996 0.04730627 0.05217199
rh_G_and_S_cingul-Mid-Ant    0.05268623 0.01510633 0.9993  0.02274341  0.02811801 0.05253668 0.07748824 0.08254080
rh_G_and_S_cingul-Mid-Post   0.04966455 0.01371737 0.9997  0.02287723  0.02693740 0.04935003 0.07230637 0.07714137
rh_G_and_S_frontomargin      0.03738623 0.01310911 0.9975  0.01188236  0.01589389 0.03733084 0.05911974 0.06340820
rh_G_and_S_occipital_inf     0.01776700 0.01361446 0.9104 -0.00873065 -0.00435265 0.01775970 0.04015818 0.04456695
rh_G_and_S_paracentral       0.02115455 0.01340910 0.9419 -0.00497684 -0.00104636 0.02133441 0.04298364 0.04747348
rh_G_and_S_subcentral        0.20429952 0.04541874 1.0000  0.12758335  0.13676668 0.20007435 0.28346034 0.29658114
rh_G_and_S_transv_frontopol  0.03782260 0.01356213 0.9976  0.01175371  0.01593730 0.03755579 0.06056447 0.06453934
rh_G_cingul-Post-dorsal      0.05676448 0.01519808 0.9999  0.02651213  0.03205545 0.05677121 0.08174915 0.08602538
rh_G_cingul-Post-ventral     0.07325989 0.01806352 1.0000  0.03904426  0.04409240 0.07272433 0.10435236 0.11071236
rh_G_cuneus                  0.02013651 0.01426164 0.9212 -0.00761700 -0.00309450 0.02008209 0.04351895 0.04813835
rh_G_front_inf-Opercular     0.10178988 0.01682784 1.0000  0.07013540  0.07468255 0.10145834 0.13025383 0.13585992
rh_G_front_inf-Orbital       0.05689703 0.01456470 0.9999  0.02815043  0.03305365 0.05687035 0.08081776 0.08519497
rh_G_front_inf-Triangul      0.06329525 0.01533943 1.0000  0.03346619  0.03836255 0.06311279 0.08884609 0.09362851
rh_G_front_middle            0.03634764 0.01348004 0.9962  0.00993450  0.01417235 0.03647419 0.05858342 0.06345739
rh_G_front_sup               0.02189637 0.01440592 0.9380 -0.00663948 -0.00169128 0.02170980 0.04567357 0.05062196
rh_G_Ins_lg_and_S_cent_ins   0.05413554 0.01541871 0.9996  0.02443755  0.02957327 0.05398842 0.07968145 0.08492955
rh_G_insular_short           0.04842720 0.01862253 0.9957  0.01200739  0.01830011 0.04842686 0.07919936 0.08526127
rh_G_oc-temp_lat-fusifor     0.07680072 0.01499329 1.0000  0.04852540  0.05272285 0.07664811 0.10164792 0.10665592
rh_G_oc-temp_med-Lingual     0.01524178 0.01283770 0.8823 -0.00973786 -0.00568386 0.01527699 0.03670288 0.04076342
rh_G_oc-temp_med-Parahip     0.07578488 0.01503424 1.0000  0.04671048  0.05145251 0.07556353 0.10094589 0.10613167
rh_G_occipital_middle        0.02086766 0.01358339 0.9373 -0.00539626 -0.00141249 0.02078536 0.04277072 0.04770571
rh_G_occipital_sup           0.00585938 0.01435367 0.6562 -0.02147268 -0.01726745 0.00575570 0.02989693 0.03479433
rh_G_orbital                 0.17871014 0.02204564 1.0000  0.13818901  0.14455020 0.17773546 0.21728640 0.22473170
rh_G_pariet_inf-Angular      0.06529938 0.01938291 0.9997  0.02824641  0.03417217 0.06514926 0.09761838 0.10339955
rh_G_pariet_inf-Supramar     0.23634183 0.01832996 1.0000  0.20072744  0.20641153 0.23631958 0.26616932 0.27228682
rh_G_parietal_sup            0.01332606 0.01294761 0.8509 -0.01137972 -0.00762765 0.01323069 0.03507748 0.03938417
rh_G_postcentral             0.20047237 0.02105881 1.0000  0.16026569  0.16647133 0.20009226 0.23552218 0.24276142
rh_G_precentral              0.09066550 0.01950045 1.0000  0.05179013  0.05814388 0.09076929 0.12227094 0.12831170
rh_G_precuneus               0.03434508 0.01335477 0.9941  0.00800025  0.01252575 0.03420583 0.05655981 0.06080941
rh_G_rectus                  0.10285147 0.01579442 1.0000  0.07230664  0.07733889 0.10251927 0.12924474 0.13417269
rh_G_subcallosal             0.06398502 0.01489426 1.0000  0.03480424  0.03978238 0.06396602 0.08813852 0.09313775
rh_G_temp_sup-G_T_transv     0.30440215 0.04583709 1.0000  0.22574255  0.23518202 0.30219063 0.38719200 0.40354174
rh_G_temp_sup-Lateral        0.18993841 0.02237570 1.0000  0.14760381  0.15475930 0.18920488 0.22855329 0.23619556
rh_G_temp_sup-Plan_polar     0.08066424 0.01585638 1.0000  0.05008332  0.05516515 0.08055749 0.10711645 0.11329562
rh_G_temp_sup-Plan_tempo     0.22732811 0.02968408 1.0000  0.17709513  0.18445504 0.22412718 0.28152328 0.29666439
rh_G_temporal_inf            0.09865727 0.01537642 1.0000  0.06922489  0.07356653 0.09857681 0.12397953 0.12900345
rh_G_temporal_middle         0.08273019 0.01480862 1.0000  0.05417791  0.05889712 0.08244730 0.10734452 0.11255935
rh_Lat_Fis-ant-Horizont      0.05321643 0.01482098 0.9997  0.02443809  0.02924755 0.05333297 0.07741051 0.08211269
rh_Lat_Fis-ant-Vertical      0.11322945 0.01840321 1.0000  0.07769770  0.08310386 0.11296946 0.14408822 0.14984768
rh_Lat_Fis-post              0.10973107 0.01818453 1.0000  0.07342996  0.07986528 0.10959637 0.13984222 0.14572450
rh_Pole_occipital            0.01750696 0.01303446 0.9132 -0.00820964 -0.00378618 0.01780737 0.03887915 0.04245340
rh_Pole_temporal             0.05481752 0.01729882 0.9994  0.02260885  0.02752764 0.05411100 0.08463988 0.09071558
rh_S_calcarine               0.05398053 0.01337864 0.9999  0.02787765  0.03242079 0.05401729 0.07604454 0.08035774
rh_S_central                 0.08684998 0.02015041 1.0000  0.04968860  0.05529968 0.08591575 0.12161005 0.12927498
rh_S_cingul-Marginalis       0.04620560 0.01406469 0.9993  0.01882096  0.02299356 0.04609598 0.06963439 0.07420877
rh_S_circular_insula_ant     0.07289660 0.01428143 1.0000  0.04547852  0.05022033 0.07257843 0.09675882 0.10133094
rh_S_circular_insula_inf     0.10429461 0.02212512 1.0000  0.06338999  0.06885405 0.10356882 0.14171118 0.14925999
rh_S_circular_insula_sup     0.10907496 0.02350546 1.0000  0.06724383  0.07366053 0.10736285 0.15019201 0.15943898
rh_S_collat_transv_ant       0.07745124 0.01854733 1.0000  0.04379209  0.04880427 0.07642152 0.10895925 0.11644082
rh_S_collat_transv_post      0.01568259 0.01314620 0.8867 -0.00970431 -0.00540752 0.01571175 0.03712347 0.04117869
rh_S_front_inf               0.15998706 0.02172560 1.0000  0.11439415  0.12319874 0.16054153 0.19457772 0.20032987
rh_S_front_middle            0.02630463 0.01295359 0.9786  0.00109634  0.00498165 0.02627157 0.04742648 0.05177667
rh_S_front_sup               0.03391827 0.01283587 0.9947  0.00911831  0.01290095 0.03394098 0.05501305 0.05962508
rh_S_interm_prim-Jensen      0.05676001 0.01503854 0.9998  0.02754981  0.03223549 0.05658899 0.08188899 0.08689562
rh_S_intrapariet_and_P_trans 0.04210442 0.01535320 0.9966  0.01300639  0.01756643 0.04206546 0.06751582 0.07250501
rh_S_oc_middle_and_Lunatus   0.00934135 0.01354766 0.7565 -0.01747086 -0.01306212 0.00933008 0.03150415 0.03568446
rh_S_oc_sup_and_transversal  0.05040001 0.01510009 0.9997  0.02130054  0.02607692 0.04996748 0.07581562 0.08104501
rh_S_oc-temp_lat             0.07232005 0.01821877 1.0000  0.03757411  0.04324380 0.07205655 0.10294871 0.10951444
rh_S_oc-temp_med_and_Lingual 0.11888660 0.01869000 1.0000  0.08364470  0.08922598 0.11841125 0.15050959 0.15715891
rh_S_occipital_ant           0.03694008 0.01541528 0.9930  0.00754758  0.01221052 0.03659349 0.06210875 0.06786481
rh_S_orbital_lateral         0.03958591 0.01362169 0.9981  0.01289894  0.01714806 0.03944774 0.06236629 0.06662323
rh_S_orbital_med-olfact      0.19005216 0.01774306 1.0000  0.15539505  0.16101161 0.18997351 0.21919063 0.22521398
rh_S_orbital-H_Shaped        0.11606940 0.01533613 1.0000  0.08685422  0.09132546 0.11585857 0.14177648 0.14681737
rh_S_parieto_occipital       0.02533794 0.01326330 0.9742 -0.00025082  0.00407871 0.02505023 0.04730572 0.05220750
rh_S_pericallosal            0.04300476 0.01450358 0.9979  0.01406631  0.01916702 0.04304361 0.06681412 0.07143186
rh_S_postcentral             0.09254039 0.01936772 1.0000  0.05604412  0.06225582 0.09188700 0.12531473 0.13274370
rh_S_precentral-inf-part     0.13192465 0.02432303 1.0000  0.08959744  0.09475389 0.13030295 0.17469698 0.18244536
rh_S_precentral-sup-part     0.06515046 0.01722868 1.0000  0.03280292  0.03779145 0.06469443 0.09415114 0.10091569
rh_S_suborbital              0.04253397 0.01358027 0.9991  0.01613317  0.02037165 0.04247740 0.06484859 0.06938293
rh_S_subparietal             0.05799149 0.01351146 1.0000  0.03114794  0.03558112 0.05802797 0.07989871 0.08447654
rh_S_temporal_inf            0.08395462 0.02193359 1.0000  0.04539403  0.05057731 0.08237144 0.12243875 0.13301715
rh_S_temporal_sup            0.10127118 0.01800408 1.0000  0.06608493  0.07215494 0.10125711 0.13101787 0.13679351
rh_S_temporal_transverse     0.31186017 0.03381978 1.0000  0.24771739  0.25776591 0.31161406 0.36691766 0.37842347


===== Summary of region effects under GLM for Intercept (for reference only): no adjustment for multiplicity =====
                                   mean         SD  2-sided-p        2.5%          5%        50%        95%      97.5%
lh_G_and_S_cingul-Ant        0.02195244 0.00647341 0.00438931  0.00806836  0.01055076 0.02195244 0.03335413 0.03583653
lh_G_and_S_cingul-Mid-Ant    0.03204634 0.00761391 0.00087524  0.01571612  0.01863588 0.03204634 0.04545679 0.04837655
lh_G_and_S_cingul-Mid-Post   0.07490462 0.01876288 0.00133641  0.03466224  0.04185737 0.07490462 0.10795188 0.11514700
lh_G_and_S_frontomargin      0.02400697 0.01110172 0.04838060  0.00019615  0.00445340 0.02400697 0.04356054 0.04781779
lh_G_and_S_occipital_inf     0.00672511 0.00519861 0.21672751 -0.00442479 -0.00243125 0.00672511 0.01588147 0.01787501
lh_G_and_S_paracentral       0.02779834 0.00770823 0.00286237  0.01126583  0.01422175 0.02779834 0.04137492 0.04433084
lh_G_and_S_subcentral        0.24523945 0.04849890 0.00017517  0.14121966  0.15981785 0.24523945 0.33066105 0.34925924
lh_G_and_S_transv_frontopol  0.02169422 0.00697931 0.00770334  0.00672510  0.00940150 0.02169422 0.03398694 0.03666334
lh_G_cingul-Post-dorsal      0.05459038 0.01263582 0.00070532  0.02748925  0.03233479 0.05459038 0.07684598 0.08169152
lh_G_cingul-Post-ventral     0.05960035 0.01080513 0.00007603  0.03642565  0.04056917 0.05960035 0.07863154 0.08277505
lh_G_cuneus                  0.01574360 0.00700305 0.04120067  0.00072356  0.00340906 0.01574360 0.02807814 0.03076364
lh_G_front_inf-Opercular     0.08035513 0.02194025 0.00256087  0.03329798  0.04171155 0.08035513 0.11899872 0.12741229
lh_G_front_inf-Orbital       0.05388370 0.00910027 0.00003729  0.03436556  0.03785530 0.05388370 0.06991211 0.07340185
lh_G_front_inf-Triangul      0.06555353 0.01662023 0.00146840  0.02990668  0.03628015 0.06555353 0.09482691 0.10120038
lh_G_front_middle            0.02455974 0.00585064 0.00089438  0.01201137  0.01425495 0.02455974 0.03486452 0.03710810
lh_G_front_sup               0.02877762 0.00854276 0.00459038  0.01045522  0.01373117 0.02877762 0.04382406 0.04710001
lh_G_Ins_lg_and_S_cent_ins   0.12430007 0.02587320 0.00028034  0.06880758  0.07872934 0.12430007 0.16987079 0.17979256
lh_G_insular_short           0.08862595 0.02068907 0.00075704  0.04425231  0.05218608 0.08862595 0.12506581 0.13299958
lh_G_oc-temp_lat-fusifor     0.11225168 0.02624329 0.00076642  0.05596542  0.06602910 0.11225168 0.15847425 0.16853794
lh_G_oc-temp_med-Lingual     0.01906942 0.00979223 0.07182881 -0.00193281  0.00182228 0.01906942 0.03631657 0.04007166
lh_G_oc-temp_med-Parahip     0.06936594 0.01495819 0.00038422  0.03728382  0.04301993 0.06936594 0.09571194 0.10144805
lh_G_occipital_middle        0.00863321 0.00541674 0.13330076 -0.00298455 -0.00090735 0.00863321 0.01817377 0.02025096
lh_G_occipital_sup           0.00689268 0.00511477 0.19919083 -0.00407741 -0.00211602 0.00689268 0.01590138 0.01786278
lh_G_orbital                 0.14765713 0.01888913 0.00000179  0.10714398  0.11438751 0.14765713 0.18092675 0.18817029
lh_G_pariet_inf-Angular      0.04401111 0.01159584 0.00196852  0.01914051  0.02358724 0.04401111 0.06443497 0.06888170
lh_G_pariet_inf-Supramar     0.22810143 0.03855720 0.00003763  0.14540447  0.16019025 0.22810143 0.29601261 0.31079839
lh_G_parietal_sup            0.01896369 0.00596228 0.00667297  0.00617586  0.00846225 0.01896369 0.02946512 0.03175151
lh_G_postcentral             0.14100069 0.02882390 0.00023791  0.07917956  0.09023285 0.14100069 0.19176852 0.20282181
lh_G_precentral              0.07704041 0.02074730 0.00231566  0.03254189  0.04049799 0.07704041 0.11358284 0.12153894
lh_G_precuneus               0.02347864 0.00532434 0.00059365  0.01205908  0.01410083 0.02347864 0.03285645 0.03489820
lh_G_rectus                  0.03965934 0.00986607 0.00126602  0.01849872  0.02228213 0.03965934 0.05703655 0.06081995
lh_G_subcallosal             0.05981108 0.01477641 0.00119854  0.02811882  0.03378523 0.05981108 0.08583692 0.09150333
lh_G_temp_sup-G_T_transv     0.33800682 0.04777038 0.00000555  0.23554953  0.25386836 0.33800682 0.42214528 0.44046410
lh_G_temp_sup-Lateral        0.15787116 0.04281784 0.00243911  0.06603604  0.08245567 0.15787116 0.23328665 0.24970629
lh_G_temp_sup-Plan_polar     0.11199764 0.02146510 0.00013031  0.06595957  0.07419093 0.11199764 0.14980434 0.15803570
lh_G_temp_sup-Plan_tempo     0.26631588 0.03268969 0.00000111  0.19620346  0.20873919 0.26631588 0.32389257 0.33642830
lh_G_temporal_inf            0.10879853 0.02356106 0.00039879  0.05826508  0.06730019 0.10879853 0.15029687 0.15933199
lh_G_temporal_middle         0.09438753 0.02315977 0.00113521  0.04471476  0.05359599 0.09438753 0.13517907 0.14406030
lh_Lat_Fis-ant-Horizont      0.05424850 0.01096371 0.00021424  0.03073368  0.03493801 0.05424850 0.07355900 0.07776333
lh_Lat_Fis-ant-Vertical      0.10951851 0.01682126 0.00001377  0.07344050  0.07989106 0.10951851 0.13914596 0.14559651
lh_Lat_Fis-post              0.13423454 0.02342952 0.00005210  0.08398321  0.09296788 0.13423454 0.17550120 0.18448588
lh_Pole_occipital            0.00221780 0.00482688 0.65295119 -0.00813482 -0.00628383 0.00221780 0.01071943 0.01257042
lh_Pole_temporal             0.04014353 0.01438526 0.01444499  0.00929023  0.01480663 0.04014353 0.06548043 0.07099684
lh_S_calcarine               0.04112975 0.01060901 0.00167639  0.01837568  0.02244399 0.04112975 0.05981551 0.06388381
lh_S_central                 0.14475066 0.03659882 0.00143739  0.06625399  0.08028878 0.14475066 0.20921253 0.22324732
lh_S_cingul-Marginalis       0.04876782 0.00731989 0.00001074  0.03306822  0.03587522 0.04876782 0.06166042 0.06446743
lh_S_circular_insula_ant     0.05085399 0.01449680 0.00347983  0.01976144  0.02532062 0.05085399 0.07638736 0.08194654
lh_S_circular_insula_inf     0.12582745 0.02972373 0.00083487  0.06207639  0.07347474 0.12582745 0.17818016 0.18957851
lh_S_circular_insula_sup     0.13978076 0.02743227 0.00016304  0.08094440  0.09146403 0.13978076 0.18809749 0.19861713
lh_S_collat_transv_ant       0.07408323 0.01550143 0.00029388  0.04083598  0.04678041 0.07408323 0.10138605 0.10733048
lh_S_collat_transv_post      0.01228373 0.00623775 0.06904199 -0.00109491  0.00129712 0.01228373 0.02327035 0.02566238
lh_S_front_inf               0.12609559 0.02343787 0.00009705  0.07582635  0.08481422 0.12609559 0.16737695 0.17636482
lh_S_front_middle            0.02130367 0.00661467 0.00616191  0.00711662  0.00965319 0.02130367 0.03295415 0.03549072
lh_S_front_sup               0.02893150 0.01266611 0.03848761  0.00176540  0.00662256 0.02893150 0.05124044 0.05609760
lh_S_interm_prim-Jensen      0.05915574 0.01014295 0.00004352  0.03740128  0.04129086 0.05915574 0.07702062 0.08091020
lh_S_intrapariet_and_P_trans 0.04721372 0.01369064 0.00391544  0.01785021  0.02310025 0.04721372 0.07132719 0.07657724
lh_S_oc_middle_and_Lunatus   0.00986123 0.00373663 0.01943935  0.00184696  0.00327987 0.00986123 0.01644258 0.01787549
lh_S_oc_sup_and_transversal  0.02572624 0.00913234 0.01371220  0.00613933  0.00964136 0.02572624 0.04181112 0.04531316
lh_S_oc-temp_lat             0.09764109 0.01424513 0.00000788  0.06708832  0.07255099 0.09764109 0.12273118 0.12819386
lh_S_oc-temp_med_and_Lingual 0.14742088 0.02614286 0.00006109  0.09135002  0.10137519 0.14742088 0.19346657 0.20349174
lh_S_occipital_ant           0.04166445 0.01122235 0.00231861  0.01759491  0.02189841 0.04166445 0.06143049 0.06573399
lh_S_orbital_lateral         0.02205553 0.00717721 0.00826391  0.00666194  0.00941423 0.02205553 0.03469683 0.03744912
lh_S_orbital_med-olfact      0.18348533 0.02095818 0.00000047  0.13853451  0.14657148 0.18348533 0.22039919 0.22843616
lh_S_orbital-H_Shaped        0.12411288 0.01787227 0.00000682  0.08578066  0.09263426 0.12411288 0.15559149 0.16244509
lh_S_parieto_occipital       0.01857386 0.00517780 0.00297297  0.00746859  0.00945415 0.01857386 0.02769356 0.02967913
lh_S_pericallosal            0.06141334 0.01932494 0.00670858  0.01996546  0.02737613 0.06141334 0.09545055 0.10286121
lh_S_postcentral             0.08008222 0.02515534 0.00663460  0.02612939  0.03577587 0.08008222 0.12438858 0.13403506
lh_S_precentral-inf-part     0.18126200 0.03146674 0.00004933  0.11377255  0.12583931 0.18126200 0.23668469 0.24875145
lh_S_precentral-sup-part     0.07036039 0.02093836 0.00466679  0.02545208  0.03348145 0.07036039 0.10723934 0.11526871
lh_S_suborbital              0.03174824 0.01061250 0.00971208  0.00898668  0.01305633 0.03174824 0.05044016 0.05450980
lh_S_subparietal             0.05323514 0.01444758 0.00245040  0.02224817  0.02778848 0.05323514 0.07868180 0.08422210
lh_S_temporal_inf            0.10499838 0.03090612 0.00433584  0.03871134  0.05056311 0.10499838 0.15943365 0.17128543
lh_S_temporal_sup            0.08017376 0.02533081 0.00688236  0.02584457  0.03555834 0.08017376 0.12478917 0.13450294
lh_S_temporal_transverse     0.24210960 0.03542529 0.00000814  0.16612990  0.17971467 0.24210960 0.30450453 0.31808930
rh_G_and_S_cingul-Ant        0.03017069 0.01060601 0.01298550  0.00742306  0.01149022 0.03017069 0.04885117 0.05291833
rh_G_and_S_cingul-Mid-Ant    0.05946206 0.01530409 0.00164856  0.02663805  0.03250681 0.05946206 0.08641732 0.09228608
rh_G_and_S_cingul-Mid-Post   0.05693330 0.01311687 0.00067836  0.02880041  0.03383043 0.05693330 0.08003618 0.08506619
rh_G_and_S_frontomargin      0.04133785 0.01271340 0.00579518  0.01407031  0.01894560 0.04133785 0.06373009 0.06860538
rh_G_and_S_occipital_inf     0.01589026 0.00629442 0.02428837  0.00239006  0.00480382 0.01589026 0.02697669 0.02939045
rh_G_and_S_paracentral       0.02043902 0.00998218 0.05984789 -0.00097062  0.00285731 0.02043902 0.03802073 0.04184866
rh_G_and_S_subcentral        0.34627953 0.05603205 0.00002394  0.22610272  0.24758970 0.34627953 0.44496935 0.46645633
rh_G_and_S_transv_frontopol  0.03973519 0.00978641 0.00116958  0.01874543  0.02249829 0.03973519 0.05697208 0.06072494
rh_G_cingul-Post-dorsal      0.05564507 0.01396601 0.00135715  0.02569096  0.03104660 0.05564507 0.08024354 0.08559918
rh_G_cingul-Post-ventral     0.09188089 0.02302780 0.00134212  0.04249117  0.05132179 0.09188089 0.13243998 0.14127061
rh_G_cuneus                  0.02068538 0.00889921 0.03565906  0.00159847  0.00501111 0.02068538 0.03635965 0.03977229
rh_G_front_inf-Opercular     0.13171005 0.02792101 0.00033025  0.07182544  0.08253250 0.13171005 0.18088761 0.19159467
rh_G_front_inf-Orbital       0.07586708 0.01921322 0.00145550  0.03465882  0.04202664 0.07586708 0.10970753 0.11707535
rh_G_front_inf-Triangul      0.09136494 0.02727858 0.00477032  0.03285822  0.04331891 0.09136494 0.13941097 0.14987167
rh_G_front_middle            0.03976505 0.01357093 0.01096803  0.01065831  0.01586244 0.03976505 0.06366766 0.06887179
rh_G_front_sup               0.01928509 0.00746903 0.02172451  0.00326561  0.00612981 0.01928509 0.03244038 0.03530458
rh_G_Ins_lg_and_S_cent_ins   0.13087348 0.04266772 0.00835831  0.03936033  0.05572240 0.13087348 0.20602456 0.22238663
rh_G_insular_short           0.06912488 0.02241820 0.00809447  0.02104263  0.02963949 0.06912488 0.10861028 0.11720713
rh_G_oc-temp_lat-fusifor     0.10365557 0.02305700 0.00050339  0.05420323  0.06304505 0.10365557 0.14426609 0.15310791
rh_G_oc-temp_med-Lingual     0.01453387 0.00777998 0.08281818 -0.00215252  0.00083091 0.01453387 0.02823682 0.03122026
rh_G_oc-temp_med-Parahip     0.08496874 0.02147817 0.00143460  0.03890266  0.04713903 0.08496874 0.12279846 0.13103483
rh_G_occipital_middle        0.01635763 0.00675161 0.02954997  0.00187687  0.00446596 0.01635763 0.02824930 0.03083839
rh_G_occipital_sup           0.00458293 0.00360022 0.22376565 -0.00313877 -0.00175817 0.00458293 0.01092404 0.01230464
rh_G_orbital                 0.21406963 0.02870265 0.00000307  0.15250857  0.16351536 0.21406963 0.26462389 0.27563069
rh_G_pariet_inf-Angular      0.08586007 0.02244496 0.00185556  0.03772041  0.04632753 0.08586007 0.12539261 0.13399973
rh_G_pariet_inf-Supramar     0.28398752 0.03633249 0.00000179  0.20606208  0.21999474 0.28398752 0.34798029 0.36191295
rh_G_parietal_sup            0.00969521 0.00514047 0.08020637 -0.00133000  0.00064125 0.00969521 0.01874917 0.02072042
rh_G_postcentral             0.25735091 0.03684580 0.00000640  0.17832453  0.19245403 0.25735091 0.32224779 0.33637729
rh_G_precentral              0.12697505 0.03050735 0.00095868  0.06154328  0.07324213 0.12697505 0.18070796 0.19240681
rh_G_precuneus               0.03181167 0.00682537 0.00036748  0.01717271  0.01979008 0.03181167 0.04383326 0.04645063
rh_G_rectus                  0.11048393 0.01850256 0.00003420  0.07079987  0.07789517 0.11048393 0.14307268 0.15016798
rh_G_subcallosal             0.08146448 0.02126768 0.00183708  0.03584983  0.04400549 0.08146448 0.11892347 0.12707913
rh_G_temp_sup-G_T_transv     0.42064131 0.04878557 0.00000057  0.31600667  0.33471479 0.42064131 0.50656783 0.52527596
rh_G_temp_sup-Lateral        0.23532590 0.04479654 0.00012213  0.13924686  0.15642529 0.23532590 0.31422651 0.33140493
rh_G_temp_sup-Plan_polar     0.11545403 0.02462897 0.00034920  0.06263014  0.07207477 0.11545403 0.15883328 0.16827792
rh_G_temp_sup-Plan_tempo     0.30448744 0.03893042 0.00000178  0.22098999  0.23591890 0.30448744 0.37305599 0.38798489
rh_G_temporal_inf            0.13282945 0.02810590 0.00032481  0.07254830  0.08332625 0.13282945 0.18233265 0.19311060
rh_G_temporal_middle         0.12181119 0.02975324 0.00109479  0.05799683  0.06940650 0.12181119 0.17421587 0.18562554
rh_Lat_Fis-ant-Horizont      0.05716251 0.01530486 0.00221855  0.02433685  0.03020591 0.05716251 0.08411911 0.08998816
rh_Lat_Fis-ant-Vertical      0.12660244 0.02005656 0.00001916  0.08358540  0.09127662 0.12660244 0.16192827 0.16961949
rh_Lat_Fis-post              0.15850521 0.03745507 0.00083707  0.07817208  0.09253522 0.15850521 0.22447519 0.23883833
rh_Pole_occipital            0.01510488 0.00651783 0.03613211  0.00112553  0.00362496 0.01510488 0.02658480 0.02908423
rh_Pole_temporal             0.07443229 0.02150916 0.00382403  0.02829973  0.03654799 0.07443229 0.11231660 0.12056485
rh_S_calcarine               0.05687870 0.01440578 0.00145655  0.02598137  0.03150565 0.05687870 0.08225175 0.08777603
rh_S_central                 0.15641017 0.04344487 0.00289734  0.06323019  0.07989028 0.15641017 0.23293006 0.24959015
rh_S_cingul-Marginalis       0.04988720 0.01271628 0.00153060  0.02261350  0.02748989 0.04988720 0.07228452 0.07716091
rh_S_circular_insula_ant     0.09185908 0.02160853 0.00080649  0.04551338  0.05379975 0.09185908 0.12991841 0.13820477
rh_S_circular_insula_inf     0.20748661 0.04856943 0.00077447  0.10331554  0.12194077 0.20748661 0.29303245 0.31165769
rh_S_circular_insula_sup     0.17873467 0.03759679 0.00030813  0.09809758  0.11251507 0.17873467 0.24495427 0.25937175
rh_S_collat_transv_ant       0.10572152 0.02557523 0.00101316  0.05086811  0.06067561 0.10572152 0.15076742 0.16057492
rh_S_collat_transv_post      0.01355302 0.00670354 0.06274364 -0.00082466  0.00174600 0.01355302 0.02536004 0.02793069
rh_S_front_inf               0.16213181 0.02969284 0.00008399  0.09844700  0.10983351 0.16213181 0.21443011 0.22581662
rh_S_front_middle            0.02795558 0.00791500 0.00331761  0.01097958  0.01401480 0.02795558 0.04189635 0.04493157
rh_S_front_sup               0.04022487 0.01260650 0.00653905  0.01318661  0.01802091 0.04022487 0.06242883 0.06726313
rh_S_interm_prim-Jensen      0.07230082 0.01959085 0.00242227  0.03028263  0.03779526 0.07230082 0.10680638 0.11431901
rh_S_intrapariet_and_P_trans 0.04348046 0.01203536 0.00282623  0.01766717  0.02228245 0.04348046 0.06467846 0.06929374
rh_S_oc_middle_and_Lunatus   0.00537143 0.00433086 0.23526045 -0.00391733 -0.00225655 0.00537143 0.01299942 0.01466020
rh_S_oc_sup_and_transversal  0.05566513 0.01598120 0.00365551  0.02138886  0.02751728 0.05566513 0.08381298 0.08994139
rh_S_oc-temp_lat             0.10497394 0.03026433 0.00376311  0.04006342  0.05166907 0.10497394 0.15827880 0.16988446
rh_S_oc-temp_med_and_Lingual 0.14629744 0.02827497 0.00014112  0.08565366  0.09649645 0.14629744 0.19609842 0.20694121
rh_S_occipital_ant           0.06012342 0.02275419 0.01931727  0.01132053  0.02004623 0.06012342 0.10020060 0.10892630
rh_S_orbital_lateral         0.05044129 0.01840780 0.01594846  0.01096049  0.01801945 0.05044129 0.08286313 0.08992209
rh_S_orbital_med-olfact      0.20990652 0.02516364 0.00000084  0.15593587  0.16558554 0.20990652 0.25422751 0.26387717
rh_S_orbital-H_Shaped        0.15256554 0.02691897 0.00005808  0.09483008  0.10515288 0.15256554 0.19997819 0.21030099
rh_S_parieto_occipital       0.03056887 0.01127903 0.01691396  0.00637776  0.01070300 0.03056887 0.05043474 0.05475998
rh_S_pericallosal            0.04069173 0.01011140 0.00125474  0.01900493  0.02288241 0.04069173 0.05850104 0.06237853
rh_S_postcentral             0.13655867 0.03359713 0.00115967  0.06449999  0.07738370 0.13655867 0.19573363 0.20861734
rh_S_precentral-inf-part     0.19024907 0.03356681 0.00005806  0.11825542  0.13112751 0.19024907 0.24937064 0.26224273
rh_S_precentral-sup-part     0.09658571 0.02748809 0.00344006  0.03762963  0.04817067 0.09658571 0.14500076 0.15554179
rh_S_suborbital              0.04368256 0.01292726 0.00493663  0.01595634  0.02091364 0.04368256 0.06645148 0.07140878
rh_S_subparietal             0.05935164 0.01510066 0.00150878  0.02696394  0.03275469 0.05935164 0.08594859 0.09173934
rh_S_temporal_inf            0.14095423 0.03386831 0.00095920  0.06831393  0.08130163 0.14095423 0.20060682 0.21359453
rh_S_temporal_sup            0.14402623 0.03946817 0.00262916  0.05937542  0.07451054 0.14402623 0.21354191 0.22867703
rh_S_temporal_transverse     0.43050992 0.05251172 0.00000103  0.31788348  0.33802050 0.43050992 0.52299935 0.54313637


