===== Summary of variable information =====
Total number of ROIs: 148
Response variable Y - mean: 0.093197; SD: 0.118858
    Min.  1st Qu.   Median     Mean  3rd Qu.     Max. 
-0.03903  0.01710  0.04989  0.09320  0.12517  0.73955 


Data structure:
'data.frame':	2219 obs. of  3 variables:
 $ Subj: Factor w/ 15 levels "1","2","3","4",..: 1 1 1 1 1 1 1 1 1 1 ...
 $ ROI : Factor w/ 148 levels "lh_G_and_S_cingul-Ant",..: 17 1 2 3 4 5 6 7 8 9 ...
 $ Y   : num  0.17831 0.00286 0.06251 0.1053 0.0063 ...
Subjects:
  1   2   3   4   5   6   7   8   9  10  11  12  13  14  15 
148 148 147 148 148 148 148 148 148 148 148 148 148 148 148 
ROIs:
       lh_G_and_S_cingul-Ant    lh_G_and_S_cingul-Mid-Ant 
                          15                           15 
  lh_G_and_S_cingul-Mid-Post      lh_G_and_S_frontomargin 
                          15                           15 
    lh_G_and_S_occipital_inf       lh_G_and_S_paracentral 
                          15                           15 
       lh_G_and_S_subcentral  lh_G_and_S_transv_frontopol 
                          15                           15 
     lh_G_cingul-Post-dorsal     lh_G_cingul-Post-ventral 
                          15                           15 
                 lh_G_cuneus     lh_G_front_inf-Opercular 
                          15                           15 
      lh_G_front_inf-Orbital      lh_G_front_inf-Triangul 
                          15                           15 
           lh_G_front_middle               lh_G_front_sup 
                          15                           15 
  lh_G_Ins_lg_and_S_cent_ins           lh_G_insular_short 
                          15                           15 
    lh_G_oc-temp_lat-fusifor     lh_G_oc-temp_med-Lingual 
                          15                           15 
    lh_G_oc-temp_med-Parahip        lh_G_occipital_middle 
                          15                           15 
          lh_G_occipital_sup                 lh_G_orbital 
                          15                           15 
     lh_G_pariet_inf-Angular     lh_G_pariet_inf-Supramar 
                          15                           15 
           lh_G_parietal_sup             lh_G_postcentral 
                          15                           15 
             lh_G_precentral               lh_G_precuneus 
                          15                           15 
                 lh_G_rectus             lh_G_subcallosal 
                          15                           15 
    lh_G_temp_sup-G_T_transv        lh_G_temp_sup-Lateral 
                          15                           15 
    lh_G_temp_sup-Plan_polar     lh_G_temp_sup-Plan_tempo 
                          15                           15 
           lh_G_temporal_inf         lh_G_temporal_middle 
                          15                           15 
     lh_Lat_Fis-ant-Horizont      lh_Lat_Fis-ant-Vertical 
                          15                           15 
             lh_Lat_Fis-post            lh_Pole_occipital 
                          15                           15 
            lh_Pole_temporal               lh_S_calcarine 
                          15                           15 
                lh_S_central       lh_S_cingul-Marginalis 
                          15                           15 
    lh_S_circular_insula_ant     lh_S_circular_insula_inf 
                          15                           15 
    lh_S_circular_insula_sup       lh_S_collat_transv_ant 
                          15                           15 
     lh_S_collat_transv_post               lh_S_front_inf 
                          15                           15 
           lh_S_front_middle               lh_S_front_sup 
                          15                           15 
     lh_S_interm_prim-Jensen lh_S_intrapariet_and_P_trans 
                          15                           15 
  lh_S_oc_middle_and_Lunatus  lh_S_oc_sup_and_transversal 
                          15                           15 
            lh_S_oc-temp_lat lh_S_oc-temp_med_and_Lingual 
                          15                           15 
          lh_S_occipital_ant         lh_S_orbital_lateral 
                          15                           15 
     lh_S_orbital_med-olfact        lh_S_orbital-H_Shaped 
                          15                           15 
      lh_S_parieto_occipital            lh_S_pericallosal 
                          15                           15 
            lh_S_postcentral     lh_S_precentral-inf-part 
                          15                           15 
    lh_S_precentral-sup-part              lh_S_suborbital 
                          15                           15 
            lh_S_subparietal            lh_S_temporal_inf 
                          15                           15 
           lh_S_temporal_sup     lh_S_temporal_transverse 
                          15                           15 
       rh_G_and_S_cingul-Ant    rh_G_and_S_cingul-Mid-Ant 
                          15                           15 
  rh_G_and_S_cingul-Mid-Post      rh_G_and_S_frontomargin 
                          15                           15 
    rh_G_and_S_occipital_inf       rh_G_and_S_paracentral 
                          15                           15 
       rh_G_and_S_subcentral  rh_G_and_S_transv_frontopol 
                          15                           15 
     rh_G_cingul-Post-dorsal     rh_G_cingul-Post-ventral 
                          15                           15 
                 rh_G_cuneus     rh_G_front_inf-Opercular 
                          15                           15 
      rh_G_front_inf-Orbital      rh_G_front_inf-Triangul 
                          15                           15 
           rh_G_front_middle               rh_G_front_sup 
                          15                           15 
  rh_G_Ins_lg_and_S_cent_ins           rh_G_insular_short 
                          15                           15 
    rh_G_oc-temp_lat-fusifor     rh_G_oc-temp_med-Lingual 
                          15                           15 
    rh_G_oc-temp_med-Parahip        rh_G_occipital_middle 
                          15                           15 
          rh_G_occipital_sup                 rh_G_orbital 
                          15                           15 
     rh_G_pariet_inf-Angular                      (Other) 
                          15                          734 


10/10/25 10:11:03.527
   user  system elapsed 
209.390   1.648  75.572 

***** Summary information of model results *****

 Family: student 
  Links: mu = identity 
Formula: Y ~ 1 + (1 | Subj) + (1 | ROI) 
   Data: lop$dataTable (Number of observations: 2219) 
  Draws: 4 chains, each with iter = 5000; warmup = 2500; thin = 1;
         total post-warmup draws = 10000

Multilevel Hyperparameters:
~ROI (Number of levels: 148) 
              Estimate Est.Error l-95% CI u-95% CI Rhat Bulk_ESS Tail_ESS
sd(Intercept)     0.06      0.00     0.05     0.07 1.00     1255     2626

~Subj (Number of levels: 15) 
              Estimate Est.Error l-95% CI u-95% CI Rhat Bulk_ESS Tail_ESS
sd(Intercept)     0.03      0.01     0.02     0.05 1.00     1848     3564

Regression Coefficients:
          Estimate Est.Error l-95% CI u-95% CI Rhat Bulk_ESS Tail_ESS
Intercept     0.07      0.01     0.05     0.09 1.01      772     1810

Further Distributional Parameters:
      Estimate Est.Error l-95% CI u-95% CI Rhat Bulk_ESS Tail_ESS
sigma     0.04      0.00     0.04     0.04 1.00     4883     7077
nu        1.95      0.14     1.70     2.25 1.00     5125     6275

Draws were sampled using sampling(NUTS). For each parameter, Bulk_ESS
and Tail_ESS are effective sample size measures, and Rhat is the potential
scale reduction factor on split chains (at convergence, Rhat = 1).


===== Summary of region effects for Intercept (RBA results) =====
                                   mean         SD     P+        2.5%          5%        50%        95%      97.5%
lh_G_and_S_cingul-Ant        0.02398717 0.01304756 0.9695 -0.00114373  0.00306646 0.02399058 0.04598210 0.05023470
lh_G_and_S_cingul-Mid-Ant    0.03350919 0.01384958 0.9915  0.00634934  0.01113916 0.03340820 0.05625725 0.06090095
lh_G_and_S_cingul-Mid-Post   0.05550735 0.01512348 0.9998  0.02661744  0.03108696 0.05520660 0.08086359 0.08620130
lh_G_and_S_frontomargin      0.02557229 0.01422594 0.9638 -0.00215823  0.00194343 0.02558460 0.04908885 0.05359178
lh_G_and_S_occipital_inf     0.00788319 0.01402355 0.7143 -0.01993599 -0.01542206 0.00801171 0.03060788 0.03549959
lh_G_and_S_paracentral       0.03200535 0.01356822 0.9914  0.00622646  0.01010415 0.03187562 0.05473712 0.05912111
lh_G_and_S_subcentral        0.15150425 0.02720471 1.0000  0.10193498  0.10911466 0.14991050 0.19809266 0.20720579
lh_G_and_S_transv_frontopol  0.02500083 0.01324000 0.9701 -0.00097317  0.00311875 0.02478120 0.04687237 0.05112343
lh_G_cingul-Post-dorsal      0.05600216 0.01456000 1.0000  0.02743469  0.03225646 0.05602469 0.08044084 0.08494875
lh_G_cingul-Post-ventral     0.06749603 0.01496679 1.0000  0.03779792  0.04284289 0.06763580 0.09152592 0.09665316
lh_G_cuneus                  0.02041189 0.01336665 0.9377 -0.00566126 -0.00154278 0.02041891 0.04228980 0.04695971
lh_G_front_inf-Opercular     0.05680426 0.01604289 0.9998  0.02673297  0.03128764 0.05636994 0.08364953 0.08990505
lh_G_front_inf-Orbital       0.05289319 0.01364464 0.9997  0.02641468  0.03082448 0.05282867 0.07562078 0.08036064
lh_G_front_inf-Triangul      0.06059670 0.01583423 1.0000  0.02964212  0.03466086 0.06054403 0.08651679 0.09128748
lh_G_front_middle            0.02657514 0.01305730 0.9775  0.00076188  0.00480844 0.02655321 0.04792621 0.05178747
lh_G_front_sup               0.02728536 0.01390110 0.9759  0.00007687  0.00437861 0.02717539 0.05036294 0.05520352
lh_G_Ins_lg_and_S_cent_ins   0.10568067 0.02209521 1.0000  0.06256549  0.06944475 0.10574115 0.14233748 0.14970958
lh_G_insular_short           0.07104491 0.01892856 1.0000  0.03566528  0.04118184 0.07045219 0.10327892 0.11048547
lh_G_oc-temp_lat-fusifor     0.09274241 0.01518677 1.0000  0.06252250  0.06774034 0.09275324 0.11741561 0.12208842
lh_G_oc-temp_med-Lingual     0.02279828 0.01457149 0.9438 -0.00549952 -0.00095531 0.02264303 0.04711627 0.05199477
lh_G_oc-temp_med-Parahip     0.06568175 0.01389110 1.0000  0.03842029  0.04286044 0.06575788 0.08844626 0.09309489
lh_G_occipital_middle        0.01276842 0.01426358 0.8207 -0.01532948 -0.01084974 0.01278218 0.03608410 0.04085809
lh_G_occipital_sup           0.01026470 0.01436155 0.7678 -0.01825432 -0.01362577 0.01041162 0.03334569 0.03758885
lh_G_orbital                 0.14835802 0.01589265 1.0000  0.11610208  0.12153175 0.14856029 0.17408107 0.17858899
lh_G_pariet_inf-Angular      0.04253057 0.01411009 0.9990  0.01538925  0.01947435 0.04252181 0.06602270 0.07035692
lh_G_pariet_inf-Supramar     0.14215766 0.01990260 1.0000  0.10619933  0.11152259 0.14113972 0.17620172 0.18527499
lh_G_parietal_sup            0.02342917 0.01349783 0.9588 -0.00318458  0.00130086 0.02330400 0.04562065 0.04962741
lh_G_postcentral             0.09721372 0.01920429 1.0000  0.06256513  0.06770137 0.09620298 0.13060580 0.13727177
lh_G_precentral              0.06243962 0.01950135 0.9996  0.02646279  0.03172453 0.06149912 0.09605718 0.10292676
lh_G_precuneus               0.02424377 0.01380833 0.9615 -0.00305296  0.00175786 0.02416459 0.04698587 0.05141624
lh_G_rectus                  0.04574545 0.01430609 0.9983  0.01840090  0.02239073 0.04581950 0.06903198 0.07377791
lh_G_subcallosal             0.06080547 0.01650547 0.9997  0.02833297  0.03370402 0.06081948 0.08816880 0.09310302
lh_G_temp_sup-G_T_transv     0.25481540 0.05506161 1.0000  0.16057794  0.16988462 0.25642706 0.34023141 0.35149454
lh_G_temp_sup-Lateral        0.08547689 0.01768759 1.0000  0.05035438  0.05613471 0.08540347 0.11452335 0.11971417
lh_G_temp_sup-Plan_polar     0.09134712 0.01768365 1.0000  0.05682521  0.06290699 0.09114219 0.12044903 0.12633678
lh_G_temp_sup-Plan_tempo     0.23650471 0.02334838 1.0000  0.19015624  0.19809471 0.23680393 0.27469732 0.28264265
lh_G_temporal_inf            0.08824340 0.01537588 1.0000  0.05886829  0.06318028 0.08830049 0.11356143 0.11871885
lh_G_temporal_middle         0.07304800 0.01708354 1.0000  0.03999882  0.04558028 0.07279188 0.10173831 0.10777866
lh_Lat_Fis-ant-Horizont      0.05469949 0.01452646 0.9996  0.02580896  0.03093692 0.05462631 0.07842543 0.08320505
lh_Lat_Fis-ant-Vertical      0.10218147 0.01770567 1.0000  0.06806604  0.07338106 0.10201117 0.13194289 0.13798714
lh_Lat_Fis-post              0.11794302 0.01787073 1.0000  0.08224459  0.08835695 0.11790688 0.14734517 0.15324791
lh_Pole_occipital            0.00685751 0.01345106 0.6974 -0.01941496 -0.01508337 0.00708343 0.02869695 0.03275109
lh_Pole_temporal             0.03633042 0.01451786 0.9930  0.00801848  0.01227417 0.03634267 0.06045624 0.06489367
lh_S_calcarine               0.03957343 0.01403563 0.9981  0.01244202  0.01706385 0.03932312 0.06305135 0.06801384
lh_S_central                 0.10735474 0.01864668 1.0000  0.07194912  0.07741769 0.10703091 0.13844130 0.14525578
lh_S_cingul-Marginalis       0.05034464 0.01391079 0.9997  0.02279256  0.02760597 0.05021387 0.07339932 0.07760728
lh_S_circular_insula_ant     0.04535579 0.01456245 0.9988  0.01663690  0.02159133 0.04521701 0.06953188 0.07423734
lh_S_circular_insula_inf     0.07460575 0.01950643 1.0000  0.03924994  0.04448242 0.07347070 0.10824358 0.11632852
lh_S_circular_insula_sup     0.09212559 0.02238248 1.0000  0.05413091  0.05922786 0.09014961 0.13166025 0.14154534
lh_S_collat_transv_ant       0.06901517 0.01578216 1.0000  0.03867397  0.04341581 0.06882315 0.09519852 0.10038538
lh_S_collat_transv_post      0.01487144 0.01371985 0.8624 -0.01212855 -0.00771397 0.01492394 0.03693044 0.04111968
lh_S_front_inf               0.11649428 0.01798811 1.0000  0.08122882  0.08689095 0.11654672 0.14565186 0.15173298
lh_S_front_middle            0.02423807 0.01414878 0.9591 -0.00334882  0.00143566 0.02420139 0.04781357 0.05226485
lh_S_front_sup               0.02806273 0.01425957 0.9741 -0.00012440  0.00456582 0.02807329 0.05121965 0.05588994
lh_S_interm_prim-Jensen      0.05740030 0.01419838 0.9999  0.02978393  0.03432766 0.05732310 0.08077462 0.08524861
lh_S_intrapariet_and_P_trans 0.04117318 0.01506891 0.9971  0.01202220  0.01667062 0.04097798 0.06605397 0.07118903
lh_S_oc_middle_and_Lunatus   0.01387386 0.01392426 0.8420 -0.01347459 -0.00879212 0.01383583 0.03654332 0.04138367
lh_S_oc_sup_and_transversal  0.02551953 0.01372687 0.9694 -0.00109465  0.00313058 0.02542571 0.04798483 0.05295472
lh_S_oc-temp_lat             0.09072395 0.01469254 1.0000  0.06150237  0.06703225 0.09072689 0.11443095 0.11978005
lh_S_oc-temp_med_and_Lingual 0.12567330 0.01615504 1.0000  0.09418361  0.09942371 0.12577893 0.15235757 0.15747516
lh_S_occipital_ant           0.04240096 0.01419682 0.9988  0.01431311  0.01899490 0.04234771 0.06578151 0.07052923
lh_S_orbital_lateral         0.02404822 0.01464161 0.9502 -0.00481315  0.00003475 0.02396571 0.04812700 0.05288698
lh_S_orbital_med-olfact      0.18157731 0.01987502 1.0000  0.14107439  0.14779986 0.18226854 0.21316623 0.21907401
lh_S_orbital-H_Shaped        0.12238424 0.01610331 1.0000  0.09022627  0.09582443 0.12230918 0.14901686 0.15397203
lh_S_parieto_occipital       0.02106606 0.01367427 0.9373 -0.00605995 -0.00153129 0.02120828 0.04351799 0.04749335
lh_S_pericallosal            0.05038991 0.01448606 0.9996  0.02250434  0.02678206 0.05008590 0.07477037 0.07943000
lh_S_postcentral             0.05944913 0.01644721 0.9996  0.02727955  0.03269093 0.05938058 0.08623935 0.09209825
lh_S_precentral-inf-part     0.14272196 0.02655157 1.0000  0.09556021  0.10146109 0.14081437 0.18876221 0.19790752
lh_S_precentral-sup-part     0.05927936 0.01535786 0.9998  0.02929891  0.03408950 0.05920337 0.08479340 0.09003006
lh_S_suborbital              0.03194680 0.01423671 0.9873  0.00442598  0.00892095 0.03157733 0.05615496 0.06028698
lh_S_subparietal             0.05213559 0.01475383 0.9999  0.02320575  0.02770523 0.05213336 0.07651684 0.08107244
lh_S_temporal_inf            0.06583081 0.01659364 1.0000  0.03436138  0.03935621 0.06536521 0.09410122 0.09947147
lh_S_temporal_sup            0.05142185 0.01500572 0.9998  0.02211090  0.02707201 0.05123594 0.07668641 0.08167819
lh_S_temporal_transverse     0.20185630 0.01965178 1.0000  0.16054075  0.16852947 0.20214144 0.23339856 0.23921830
rh_G_and_S_cingul-Ant        0.02387785 0.01458894 0.9500 -0.00453075  0.00000886 0.02367128 0.04813711 0.05322496
rh_G_and_S_cingul-Mid-Ant    0.05270994 0.01505840 0.9999  0.02358974  0.02810168 0.05245078 0.07783813 0.08323665
rh_G_and_S_cingul-Mid-Post   0.04952645 0.01361047 0.9998  0.02288079  0.02743851 0.04936366 0.07227919 0.07620678
rh_G_and_S_frontomargin      0.03771676 0.01372754 0.9966  0.01082096  0.01508142 0.03772106 0.06025838 0.06463529
rh_G_and_S_occipital_inf     0.01783326 0.01411380 0.8983 -0.00919536 -0.00532282 0.01775437 0.04081889 0.04542117
rh_G_and_S_paracentral       0.02144491 0.01377156 0.9409 -0.00583315 -0.00109308 0.02147639 0.04392855 0.04882522
rh_G_and_S_subcentral        0.20445031 0.04471299 1.0000  0.12724422  0.13764613 0.20025557 0.28342736 0.29569033
rh_G_and_S_transv_frontopol  0.03799093 0.01400331 0.9971  0.01062124  0.01485345 0.03777592 0.06121675 0.06581978
rh_G_cingul-Post-dorsal      0.05708085 0.01539212 0.9998  0.02696334  0.03217292 0.05721654 0.08219326 0.08687876
rh_G_cingul-Post-ventral     0.07319460 0.01801650 1.0000  0.03894567  0.04455214 0.07289294 0.10370940 0.10942298
rh_G_cuneus                  0.02049430 0.01471665 0.9214 -0.00830605 -0.00331691 0.02027953 0.04491058 0.05017286
rh_G_front_inf-Opercular     0.10207497 0.01682682 1.0000  0.06980906  0.07509717 0.10172316 0.13044728 0.13563040
rh_G_front_inf-Orbital       0.05710426 0.01467278 1.0000  0.02842692  0.03340099 0.05712826 0.08099145 0.08584116
rh_G_front_inf-Triangul      0.06357359 0.01547114 0.9999  0.03327506  0.03828185 0.06348664 0.08923726 0.09470075
rh_G_front_middle            0.03658965 0.01368519 0.9962  0.01004859  0.01416120 0.03668562 0.05887487 0.06380664
rh_G_front_sup               0.02220266 0.01457877 0.9385 -0.00595740 -0.00137236 0.02183980 0.04646739 0.05162759
rh_G_Ins_lg_and_S_cent_ins   0.05415676 0.01541943 0.9999  0.02452760  0.02909004 0.05379145 0.07977264 0.08504777
rh_G_insular_short           0.04873719 0.01837180 0.9976  0.01299086  0.01896808 0.04857327 0.07918474 0.08483005
rh_G_oc-temp_lat-fusifor     0.07700830 0.01523617 1.0000  0.04772172  0.05217164 0.07671104 0.10183832 0.10718350
rh_G_oc-temp_med-Lingual     0.01552354 0.01306396 0.8833 -0.01021824 -0.00599740 0.01562649 0.03683447 0.04086424
rh_G_oc-temp_med-Parahip     0.07598730 0.01510615 1.0000  0.04629006  0.05139956 0.07584014 0.10067129 0.10585153
rh_G_occipital_middle        0.02092000 0.01381841 0.9337 -0.00666281 -0.00220361 0.02093862 0.04325755 0.04767186
rh_G_occipital_sup           0.00585863 0.01438179 0.6570 -0.02202687 -0.01756255 0.00579556 0.02993773 0.03471647
rh_G_orbital                 0.17925041 0.02297228 1.0000  0.13716079  0.14398716 0.17781547 0.21981794 0.22752812
rh_G_pariet_inf-Angular      0.06552621 0.01932012 0.9999  0.02858861  0.03407933 0.06529396 0.09850682 0.10407061
rh_G_pariet_inf-Supramar     0.23658410 0.01879493 1.0000  0.19997786  0.20554103 0.23644093 0.26781165 0.27345060
rh_G_parietal_sup            0.01363659 0.01339031 0.8493 -0.01257261 -0.00849154 0.01372796 0.03577345 0.03988348
rh_G_postcentral             0.20123038 0.02137807 1.0000  0.16013951  0.16700746 0.20065692 0.23651058 0.24383369
rh_G_precentral              0.09109869 0.01977140 1.0000  0.05276878  0.05906982 0.09093359 0.12363949 0.12971825
rh_G_precuneus               0.03420104 0.01375670 0.9933  0.00692310  0.01137050 0.03414119 0.05707206 0.06168111
rh_G_rectus                  0.10319108 0.01592624 1.0000  0.07216263  0.07722609 0.10289700 0.12913994 0.13426423
rh_G_subcallosal             0.06399376 0.01500186 1.0000  0.03451177  0.03929414 0.06402071 0.08894250 0.09382740
rh_G_temp_sup-G_T_transv     0.30457859 0.04539925 1.0000  0.22694253  0.23654928 0.30184491 0.38526588 0.40533879
rh_G_temp_sup-Lateral        0.18993123 0.02312947 1.0000  0.14584397  0.15332641 0.18905523 0.22900074 0.23891236
rh_G_temp_sup-Plan_polar     0.08106992 0.01607958 1.0000  0.05044979  0.05525297 0.08056064 0.10819993 0.11433931
rh_G_temp_sup-Plan_tempo     0.22805671 0.03006629 1.0000  0.17661729  0.18445063 0.22514664 0.28379640 0.29850988
rh_G_temporal_inf            0.09897579 0.01582549 1.0000  0.06799099  0.07325771 0.09849752 0.12542090 0.13030170
rh_G_temporal_middle         0.08306053 0.01502232 1.0000  0.05383783  0.05864095 0.08288974 0.10778134 0.11257640
rh_Lat_Fis-ant-Horizont      0.05341113 0.01487823 0.9997  0.02453762  0.02894299 0.05327569 0.07809430 0.08306577
rh_Lat_Fis-ant-Vertical      0.11324529 0.01858687 1.0000  0.07818078  0.08334430 0.11306700 0.14431639 0.15030905
rh_Lat_Fis-post              0.11023508 0.01829873 1.0000  0.07507115  0.08080680 0.10995611 0.14066481 0.14699855
rh_Pole_occipital            0.01781079 0.01315667 0.9125 -0.00812449 -0.00387004 0.01767342 0.03934488 0.04357923
rh_Pole_temporal             0.05507053 0.01757943 0.9994  0.02209334  0.02695921 0.05469851 0.08458517 0.09097712
rh_S_calcarine               0.05415533 0.01379727 0.9998  0.02699564  0.03154773 0.05412034 0.07714737 0.08194934
rh_S_central                 0.08679266 0.02001682 1.0000  0.04962366  0.05546308 0.08616461 0.12104316 0.12857689
rh_S_cingul-Marginalis       0.04662413 0.01423042 0.9996  0.01902091  0.02363665 0.04639188 0.07036800 0.07516742
rh_S_circular_insula_ant     0.07334713 0.01460867 1.0000  0.04560215  0.04978919 0.07293187 0.09780463 0.10265409
rh_S_circular_insula_inf     0.10422252 0.02187248 1.0000  0.06326921  0.06890872 0.10386773 0.14089655 0.14754131
rh_S_circular_insula_sup     0.10971331 0.02361508 1.0000  0.06830531  0.07441234 0.10820639 0.15142798 0.16059968
rh_S_collat_transv_ant       0.07760604 0.01908175 1.0000  0.04229934  0.04765450 0.07691372 0.11025035 0.11703092
rh_S_collat_transv_post      0.01568459 0.01366244 0.8763 -0.01138104 -0.00705705 0.01566183 0.03797788 0.04233774
rh_S_front_inf               0.16051794 0.02130829 1.0000  0.11469052  0.12431802 0.16139521 0.19391031 0.20022850
rh_S_front_middle            0.02647591 0.01329190 0.9781  0.00073463  0.00498930 0.02639191 0.04863522 0.05310235
rh_S_front_sup               0.03401399 0.01326949 0.9940  0.00830002  0.01225071 0.03395496 0.05566566 0.06043904
rh_S_interm_prim-Jensen      0.05707492 0.01524998 0.9998  0.02736631  0.03239339 0.05688055 0.08222566 0.08745265
rh_S_intrapariet_and_P_trans 0.04223696 0.01531623 0.9961  0.01276329  0.01721579 0.04212635 0.06752364 0.07261607
rh_S_oc_middle_and_Lunatus   0.00967807 0.01372044 0.7601 -0.01699597 -0.01266298 0.00970059 0.03222562 0.03673341
rh_S_oc_sup_and_transversal  0.05031459 0.01541890 0.9996  0.02036987  0.02528482 0.05004185 0.07574653 0.08146195
rh_S_oc-temp_lat             0.07250119 0.01789286 1.0000  0.03811712  0.04348195 0.07219140 0.10228583 0.10844410
rh_S_oc-temp_med_and_Lingual 0.11892930 0.01913713 1.0000  0.08212474  0.08807748 0.11841677 0.15112294 0.15704874
rh_S_occipital_ant           0.03718878 0.01537262 0.9932  0.00779795  0.01267830 0.03691865 0.06270992 0.06841910
rh_S_orbital_lateral         0.03961335 0.01370726 0.9979  0.01282735  0.01724923 0.03943966 0.06260458 0.06714818
rh_S_orbital_med-olfact      0.19037179 0.01796292 1.0000  0.15591011  0.16127768 0.19024877 0.22006784 0.22618920
rh_S_orbital-H_Shaped        0.11609865 0.01581709 1.0000  0.08601464  0.09041846 0.11591597 0.14264484 0.14793205
rh_S_parieto_occipital       0.02566015 0.01352014 0.9718 -0.00088035  0.00366709 0.02549210 0.04794765 0.05234894
rh_S_pericallosal            0.04318909 0.01488322 0.9981  0.01366210  0.01843751 0.04305769 0.06806330 0.07258519
rh_S_postcentral             0.09295338 0.01910008 1.0000  0.05715223  0.06243809 0.09238754 0.12483809 0.13233024
rh_S_precentral-inf-part     0.13189199 0.02398903 1.0000  0.08907588  0.09537641 0.13018205 0.17377704 0.18332983
rh_S_precentral-sup-part     0.06567787 0.01760952 1.0000  0.03228535  0.03755468 0.06509837 0.09594071 0.10175522
rh_S_suborbital              0.04281356 0.01401505 0.9987  0.01511349  0.01972866 0.04274990 0.06554019 0.07028331
rh_S_subparietal             0.05794143 0.01406848 1.0000  0.03046664  0.03488345 0.05796270 0.08095551 0.08572976
rh_S_temporal_inf            0.08411658 0.02143001 1.0000  0.04639515  0.05240057 0.08219124 0.12175155 0.13111169
rh_S_temporal_sup            0.10122653 0.01818506 1.0000  0.06628164  0.07131672 0.10120743 0.13134024 0.13742237
rh_S_temporal_transverse     0.31318622 0.03378622 1.0000  0.24921889  0.25884476 0.31299836 0.36843668 0.38001089


===== Summary of region effects under GLM for Intercept (for reference only): no adjustment for multiplicity =====
                                   mean         SD  2-sided-p        2.5%          5%        50%        95%      97.5%
lh_G_and_S_cingul-Ant        0.02195244 0.00647341 0.00438931  0.00806836  0.01055076 0.02195244 0.03335413 0.03583653
lh_G_and_S_cingul-Mid-Ant    0.03204634 0.00761391 0.00087524  0.01571612  0.01863588 0.03204634 0.04545679 0.04837655
lh_G_and_S_cingul-Mid-Post   0.07490462 0.01876288 0.00133641  0.03466224  0.04185737 0.07490462 0.10795188 0.11514700
lh_G_and_S_frontomargin      0.02400697 0.01110172 0.04838060  0.00019615  0.00445340 0.02400697 0.04356054 0.04781779
lh_G_and_S_occipital_inf     0.00672511 0.00519861 0.21672751 -0.00442479 -0.00243125 0.00672511 0.01588147 0.01787501
lh_G_and_S_paracentral       0.02779834 0.00770823 0.00286237  0.01126583  0.01422175 0.02779834 0.04137492 0.04433084
lh_G_and_S_subcentral        0.24523945 0.04849890 0.00017517  0.14121966  0.15981785 0.24523945 0.33066105 0.34925924
lh_G_and_S_transv_frontopol  0.02169422 0.00697931 0.00770334  0.00672510  0.00940150 0.02169422 0.03398694 0.03666334
lh_G_cingul-Post-dorsal      0.05459038 0.01263582 0.00070532  0.02748925  0.03233479 0.05459038 0.07684598 0.08169152
lh_G_cingul-Post-ventral     0.05960035 0.01080513 0.00007603  0.03642565  0.04056917 0.05960035 0.07863154 0.08277505
lh_G_cuneus                  0.01574360 0.00700305 0.04120067  0.00072356  0.00340906 0.01574360 0.02807814 0.03076364
lh_G_front_inf-Opercular     0.08035513 0.02194025 0.00256087  0.03329798  0.04171155 0.08035513 0.11899872 0.12741229
lh_G_front_inf-Orbital       0.05388370 0.00910027 0.00003729  0.03436556  0.03785530 0.05388370 0.06991211 0.07340185
lh_G_front_inf-Triangul      0.06555353 0.01662023 0.00146840  0.02990668  0.03628015 0.06555353 0.09482691 0.10120038
lh_G_front_middle            0.02455974 0.00585064 0.00089438  0.01201137  0.01425495 0.02455974 0.03486452 0.03710810
lh_G_front_sup               0.02877762 0.00854276 0.00459038  0.01045522  0.01373117 0.02877762 0.04382406 0.04710001
lh_G_Ins_lg_and_S_cent_ins   0.12430007 0.02587320 0.00028034  0.06880758  0.07872934 0.12430007 0.16987079 0.17979256
lh_G_insular_short           0.08862595 0.02068907 0.00075704  0.04425231  0.05218608 0.08862595 0.12506581 0.13299958
lh_G_oc-temp_lat-fusifor     0.11225168 0.02624329 0.00076642  0.05596542  0.06602910 0.11225168 0.15847425 0.16853794
lh_G_oc-temp_med-Lingual     0.01906942 0.00979223 0.07182881 -0.00193281  0.00182228 0.01906942 0.03631657 0.04007166
lh_G_oc-temp_med-Parahip     0.06936594 0.01495819 0.00038422  0.03728382  0.04301993 0.06936594 0.09571194 0.10144805
lh_G_occipital_middle        0.00863321 0.00541674 0.13330076 -0.00298455 -0.00090735 0.00863321 0.01817377 0.02025096
lh_G_occipital_sup           0.00689268 0.00511477 0.19919083 -0.00407741 -0.00211602 0.00689268 0.01590138 0.01786278
lh_G_orbital                 0.14765713 0.01888913 0.00000179  0.10714398  0.11438751 0.14765713 0.18092675 0.18817029
lh_G_pariet_inf-Angular      0.04401111 0.01159584 0.00196852  0.01914051  0.02358724 0.04401111 0.06443497 0.06888170
lh_G_pariet_inf-Supramar     0.22810143 0.03855720 0.00003763  0.14540447  0.16019025 0.22810143 0.29601261 0.31079839
lh_G_parietal_sup            0.01896369 0.00596228 0.00667297  0.00617586  0.00846225 0.01896369 0.02946512 0.03175151
lh_G_postcentral             0.14100069 0.02882390 0.00023791  0.07917956  0.09023285 0.14100069 0.19176852 0.20282181
lh_G_precentral              0.07704041 0.02074730 0.00231566  0.03254189  0.04049799 0.07704041 0.11358284 0.12153894
lh_G_precuneus               0.02347864 0.00532434 0.00059365  0.01205908  0.01410083 0.02347864 0.03285645 0.03489820
lh_G_rectus                  0.03965934 0.00986607 0.00126602  0.01849872  0.02228213 0.03965934 0.05703655 0.06081995
lh_G_subcallosal             0.05981108 0.01477641 0.00119854  0.02811882  0.03378523 0.05981108 0.08583692 0.09150333
lh_G_temp_sup-G_T_transv     0.33800682 0.04777038 0.00000555  0.23554953  0.25386836 0.33800682 0.42214528 0.44046410
lh_G_temp_sup-Lateral        0.15787116 0.04281784 0.00243911  0.06603604  0.08245567 0.15787116 0.23328665 0.24970629
lh_G_temp_sup-Plan_polar     0.11199764 0.02146510 0.00013031  0.06595957  0.07419093 0.11199764 0.14980434 0.15803570
lh_G_temp_sup-Plan_tempo     0.26631588 0.03268969 0.00000111  0.19620346  0.20873919 0.26631588 0.32389257 0.33642830
lh_G_temporal_inf            0.10879853 0.02356106 0.00039879  0.05826508  0.06730019 0.10879853 0.15029687 0.15933199
lh_G_temporal_middle         0.09438753 0.02315977 0.00113521  0.04471476  0.05359599 0.09438753 0.13517907 0.14406030
lh_Lat_Fis-ant-Horizont      0.05424850 0.01096371 0.00021424  0.03073368  0.03493801 0.05424850 0.07355900 0.07776333
lh_Lat_Fis-ant-Vertical      0.10951851 0.01682126 0.00001377  0.07344050  0.07989106 0.10951851 0.13914596 0.14559651
lh_Lat_Fis-post              0.13423454 0.02342952 0.00005210  0.08398321  0.09296788 0.13423454 0.17550120 0.18448588
lh_Pole_occipital            0.00221780 0.00482688 0.65295119 -0.00813482 -0.00628383 0.00221780 0.01071943 0.01257042
lh_Pole_temporal             0.04014353 0.01438526 0.01444499  0.00929023  0.01480663 0.04014353 0.06548043 0.07099684
lh_S_calcarine               0.04112975 0.01060901 0.00167639  0.01837568  0.02244399 0.04112975 0.05981551 0.06388381
lh_S_central                 0.14475066 0.03659882 0.00143739  0.06625399  0.08028878 0.14475066 0.20921253 0.22324732
lh_S_cingul-Marginalis       0.04876782 0.00731989 0.00001074  0.03306822  0.03587522 0.04876782 0.06166042 0.06446743
lh_S_circular_insula_ant     0.05085399 0.01449680 0.00347983  0.01976144  0.02532062 0.05085399 0.07638736 0.08194654
lh_S_circular_insula_inf     0.12582745 0.02972373 0.00083487  0.06207639  0.07347474 0.12582745 0.17818016 0.18957851
lh_S_circular_insula_sup     0.13978076 0.02743227 0.00016304  0.08094440  0.09146403 0.13978076 0.18809749 0.19861713
lh_S_collat_transv_ant       0.07408323 0.01550143 0.00029388  0.04083598  0.04678041 0.07408323 0.10138605 0.10733048
lh_S_collat_transv_post      0.01228373 0.00623775 0.06904199 -0.00109491  0.00129712 0.01228373 0.02327035 0.02566238
lh_S_front_inf               0.12609559 0.02343787 0.00009705  0.07582635  0.08481422 0.12609559 0.16737695 0.17636482
lh_S_front_middle            0.02130367 0.00661467 0.00616191  0.00711662  0.00965319 0.02130367 0.03295415 0.03549072
lh_S_front_sup               0.02893150 0.01266611 0.03848761  0.00176540  0.00662256 0.02893150 0.05124044 0.05609760
lh_S_interm_prim-Jensen      0.05915574 0.01014295 0.00004352  0.03740128  0.04129086 0.05915574 0.07702062 0.08091020
lh_S_intrapariet_and_P_trans 0.04721372 0.01369064 0.00391544  0.01785021  0.02310025 0.04721372 0.07132719 0.07657724
lh_S_oc_middle_and_Lunatus   0.00986123 0.00373663 0.01943935  0.00184696  0.00327987 0.00986123 0.01644258 0.01787549
lh_S_oc_sup_and_transversal  0.02572624 0.00913234 0.01371220  0.00613933  0.00964136 0.02572624 0.04181112 0.04531316
lh_S_oc-temp_lat             0.09764109 0.01424513 0.00000788  0.06708832  0.07255099 0.09764109 0.12273118 0.12819386
lh_S_oc-temp_med_and_Lingual 0.14742088 0.02614286 0.00006109  0.09135002  0.10137519 0.14742088 0.19346657 0.20349174
lh_S_occipital_ant           0.04166445 0.01122235 0.00231861  0.01759491  0.02189841 0.04166445 0.06143049 0.06573399
lh_S_orbital_lateral         0.02205553 0.00717721 0.00826391  0.00666194  0.00941423 0.02205553 0.03469683 0.03744912
lh_S_orbital_med-olfact      0.18348533 0.02095818 0.00000047  0.13853451  0.14657148 0.18348533 0.22039919 0.22843616
lh_S_orbital-H_Shaped        0.12411288 0.01787227 0.00000682  0.08578066  0.09263426 0.12411288 0.15559149 0.16244509
lh_S_parieto_occipital       0.01857386 0.00517780 0.00297297  0.00746859  0.00945415 0.01857386 0.02769356 0.02967913
lh_S_pericallosal            0.06141334 0.01932494 0.00670858  0.01996546  0.02737613 0.06141334 0.09545055 0.10286121
lh_S_postcentral             0.08008222 0.02515534 0.00663460  0.02612939  0.03577587 0.08008222 0.12438858 0.13403506
lh_S_precentral-inf-part     0.18126200 0.03146674 0.00004933  0.11377255  0.12583931 0.18126200 0.23668469 0.24875145
lh_S_precentral-sup-part     0.07036039 0.02093836 0.00466679  0.02545208  0.03348145 0.07036039 0.10723934 0.11526871
lh_S_suborbital              0.03174824 0.01061250 0.00971208  0.00898668  0.01305633 0.03174824 0.05044016 0.05450980
lh_S_subparietal             0.05323514 0.01444758 0.00245040  0.02224817  0.02778848 0.05323514 0.07868180 0.08422210
lh_S_temporal_inf            0.10499838 0.03090612 0.00433584  0.03871134  0.05056311 0.10499838 0.15943365 0.17128543
lh_S_temporal_sup            0.08017376 0.02533081 0.00688236  0.02584457  0.03555834 0.08017376 0.12478917 0.13450294
lh_S_temporal_transverse     0.24210960 0.03542529 0.00000814  0.16612990  0.17971467 0.24210960 0.30450453 0.31808930
rh_G_and_S_cingul-Ant        0.03017069 0.01060601 0.01298550  0.00742306  0.01149022 0.03017069 0.04885117 0.05291833
rh_G_and_S_cingul-Mid-Ant    0.05946206 0.01530409 0.00164856  0.02663805  0.03250681 0.05946206 0.08641732 0.09228608
rh_G_and_S_cingul-Mid-Post   0.05693330 0.01311687 0.00067836  0.02880041  0.03383043 0.05693330 0.08003618 0.08506619
rh_G_and_S_frontomargin      0.04133785 0.01271340 0.00579518  0.01407031  0.01894560 0.04133785 0.06373009 0.06860538
rh_G_and_S_occipital_inf     0.01589026 0.00629442 0.02428837  0.00239006  0.00480382 0.01589026 0.02697669 0.02939045
rh_G_and_S_paracentral       0.02043902 0.00998218 0.05984789 -0.00097062  0.00285731 0.02043902 0.03802073 0.04184866
rh_G_and_S_subcentral        0.34627953 0.05603205 0.00002394  0.22610272  0.24758970 0.34627953 0.44496935 0.46645633
rh_G_and_S_transv_frontopol  0.03973519 0.00978641 0.00116958  0.01874543  0.02249829 0.03973519 0.05697208 0.06072494
rh_G_cingul-Post-dorsal      0.05564507 0.01396601 0.00135715  0.02569096  0.03104660 0.05564507 0.08024354 0.08559918
rh_G_cingul-Post-ventral     0.09188089 0.02302780 0.00134212  0.04249117  0.05132179 0.09188089 0.13243998 0.14127061
rh_G_cuneus                  0.02068538 0.00889921 0.03565906  0.00159847  0.00501111 0.02068538 0.03635965 0.03977229
rh_G_front_inf-Opercular     0.13171005 0.02792101 0.00033025  0.07182544  0.08253250 0.13171005 0.18088761 0.19159467
rh_G_front_inf-Orbital       0.07586708 0.01921322 0.00145550  0.03465882  0.04202664 0.07586708 0.10970753 0.11707535
rh_G_front_inf-Triangul      0.09136494 0.02727858 0.00477032  0.03285822  0.04331891 0.09136494 0.13941097 0.14987167
rh_G_front_middle            0.03976505 0.01357093 0.01096803  0.01065831  0.01586244 0.03976505 0.06366766 0.06887179
rh_G_front_sup               0.01928509 0.00746903 0.02172451  0.00326561  0.00612981 0.01928509 0.03244038 0.03530458
rh_G_Ins_lg_and_S_cent_ins   0.13087348 0.04266772 0.00835831  0.03936033  0.05572240 0.13087348 0.20602456 0.22238663
rh_G_insular_short           0.06912488 0.02241820 0.00809447  0.02104263  0.02963949 0.06912488 0.10861028 0.11720713
rh_G_oc-temp_lat-fusifor     0.10365557 0.02305700 0.00050339  0.05420323  0.06304505 0.10365557 0.14426609 0.15310791
rh_G_oc-temp_med-Lingual     0.01453387 0.00777998 0.08281818 -0.00215252  0.00083091 0.01453387 0.02823682 0.03122026
rh_G_oc-temp_med-Parahip     0.08496874 0.02147817 0.00143460  0.03890266  0.04713903 0.08496874 0.12279846 0.13103483
rh_G_occipital_middle        0.01635763 0.00675161 0.02954997  0.00187687  0.00446596 0.01635763 0.02824930 0.03083839
rh_G_occipital_sup           0.00458293 0.00360022 0.22376565 -0.00313877 -0.00175817 0.00458293 0.01092404 0.01230464
rh_G_orbital                 0.21406963 0.02870265 0.00000307  0.15250857  0.16351536 0.21406963 0.26462389 0.27563069
rh_G_pariet_inf-Angular      0.08586007 0.02244496 0.00185556  0.03772041  0.04632753 0.08586007 0.12539261 0.13399973
rh_G_pariet_inf-Supramar     0.28398752 0.03633249 0.00000179  0.20606208  0.21999474 0.28398752 0.34798029 0.36191295
rh_G_parietal_sup            0.00969521 0.00514047 0.08020637 -0.00133000  0.00064125 0.00969521 0.01874917 0.02072042
rh_G_postcentral             0.25735091 0.03684580 0.00000640  0.17832453  0.19245403 0.25735091 0.32224779 0.33637729
rh_G_precentral              0.12697505 0.03050735 0.00095868  0.06154328  0.07324213 0.12697505 0.18070796 0.19240681
rh_G_precuneus               0.03181167 0.00682537 0.00036748  0.01717271  0.01979008 0.03181167 0.04383326 0.04645063
rh_G_rectus                  0.11048393 0.01850256 0.00003420  0.07079987  0.07789517 0.11048393 0.14307268 0.15016798
rh_G_subcallosal             0.08146448 0.02126768 0.00183708  0.03584983  0.04400549 0.08146448 0.11892347 0.12707913
rh_G_temp_sup-G_T_transv     0.42064131 0.04878557 0.00000057  0.31600667  0.33471479 0.42064131 0.50656783 0.52527596
rh_G_temp_sup-Lateral        0.23532590 0.04479654 0.00012213  0.13924686  0.15642529 0.23532590 0.31422651 0.33140493
rh_G_temp_sup-Plan_polar     0.11545403 0.02462897 0.00034920  0.06263014  0.07207477 0.11545403 0.15883328 0.16827792
rh_G_temp_sup-Plan_tempo     0.30448744 0.03893042 0.00000178  0.22098999  0.23591890 0.30448744 0.37305599 0.38798489
rh_G_temporal_inf            0.13282945 0.02810590 0.00032481  0.07254830  0.08332625 0.13282945 0.18233265 0.19311060
rh_G_temporal_middle         0.12181119 0.02975324 0.00109479  0.05799683  0.06940650 0.12181119 0.17421587 0.18562554
rh_Lat_Fis-ant-Horizont      0.05716251 0.01530486 0.00221855  0.02433685  0.03020591 0.05716251 0.08411911 0.08998816
rh_Lat_Fis-ant-Vertical      0.12660244 0.02005656 0.00001916  0.08358540  0.09127662 0.12660244 0.16192827 0.16961949
rh_Lat_Fis-post              0.15850521 0.03745507 0.00083707  0.07817208  0.09253522 0.15850521 0.22447519 0.23883833
rh_Pole_occipital            0.01510488 0.00651783 0.03613211  0.00112553  0.00362496 0.01510488 0.02658480 0.02908423
rh_Pole_temporal             0.07443229 0.02150916 0.00382403  0.02829973  0.03654799 0.07443229 0.11231660 0.12056485
rh_S_calcarine               0.05687870 0.01440578 0.00145655  0.02598137  0.03150565 0.05687870 0.08225175 0.08777603
rh_S_central                 0.15641017 0.04344487 0.00289734  0.06323019  0.07989028 0.15641017 0.23293006 0.24959015
rh_S_cingul-Marginalis       0.04988720 0.01271628 0.00153060  0.02261350  0.02748989 0.04988720 0.07228452 0.07716091
rh_S_circular_insula_ant     0.09185908 0.02160853 0.00080649  0.04551338  0.05379975 0.09185908 0.12991841 0.13820477
rh_S_circular_insula_inf     0.20748661 0.04856943 0.00077447  0.10331554  0.12194077 0.20748661 0.29303245 0.31165769
rh_S_circular_insula_sup     0.17873467 0.03759679 0.00030813  0.09809758  0.11251507 0.17873467 0.24495427 0.25937175
rh_S_collat_transv_ant       0.10572152 0.02557523 0.00101316  0.05086811  0.06067561 0.10572152 0.15076742 0.16057492
rh_S_collat_transv_post      0.01355302 0.00670354 0.06274364 -0.00082466  0.00174600 0.01355302 0.02536004 0.02793069
rh_S_front_inf               0.16213181 0.02969284 0.00008399  0.09844700  0.10983351 0.16213181 0.21443011 0.22581662
rh_S_front_middle            0.02795558 0.00791500 0.00331761  0.01097958  0.01401480 0.02795558 0.04189635 0.04493157
rh_S_front_sup               0.04022487 0.01260650 0.00653905  0.01318661  0.01802091 0.04022487 0.06242883 0.06726313
rh_S_interm_prim-Jensen      0.07230082 0.01959085 0.00242227  0.03028263  0.03779526 0.07230082 0.10680638 0.11431901
rh_S_intrapariet_and_P_trans 0.04348046 0.01203536 0.00282623  0.01766717  0.02228245 0.04348046 0.06467846 0.06929374
rh_S_oc_middle_and_Lunatus   0.00537143 0.00433086 0.23526045 -0.00391733 -0.00225655 0.00537143 0.01299942 0.01466020
rh_S_oc_sup_and_transversal  0.05566513 0.01598120 0.00365551  0.02138886  0.02751728 0.05566513 0.08381298 0.08994139
rh_S_oc-temp_lat             0.10497394 0.03026433 0.00376311  0.04006342  0.05166907 0.10497394 0.15827880 0.16988446
rh_S_oc-temp_med_and_Lingual 0.14629744 0.02827497 0.00014112  0.08565366  0.09649645 0.14629744 0.19609842 0.20694121
rh_S_occipital_ant           0.06012342 0.02275419 0.01931727  0.01132053  0.02004623 0.06012342 0.10020060 0.10892630
rh_S_orbital_lateral         0.05044129 0.01840780 0.01594846  0.01096049  0.01801945 0.05044129 0.08286313 0.08992209
rh_S_orbital_med-olfact      0.20990652 0.02516364 0.00000084  0.15593587  0.16558554 0.20990652 0.25422751 0.26387717
rh_S_orbital-H_Shaped        0.15256554 0.02691897 0.00005808  0.09483008  0.10515288 0.15256554 0.19997819 0.21030099
rh_S_parieto_occipital       0.03056887 0.01127903 0.01691396  0.00637776  0.01070300 0.03056887 0.05043474 0.05475998
rh_S_pericallosal            0.04069173 0.01011140 0.00125474  0.01900493  0.02288241 0.04069173 0.05850104 0.06237853
rh_S_postcentral             0.13655867 0.03359713 0.00115967  0.06449999  0.07738370 0.13655867 0.19573363 0.20861734
rh_S_precentral-inf-part     0.19024907 0.03356681 0.00005806  0.11825542  0.13112751 0.19024907 0.24937064 0.26224273
rh_S_precentral-sup-part     0.09658571 0.02748809 0.00344006  0.03762963  0.04817067 0.09658571 0.14500076 0.15554179
rh_S_suborbital              0.04368256 0.01292726 0.00493663  0.01595634  0.02091364 0.04368256 0.06645148 0.07140878
rh_S_subparietal             0.05935164 0.01510066 0.00150878  0.02696394  0.03275469 0.05935164 0.08594859 0.09173934
rh_S_temporal_inf            0.14095423 0.03386831 0.00095920  0.06831393  0.08130163 0.14095423 0.20060682 0.21359453
rh_S_temporal_sup            0.14402623 0.03946817 0.00262916  0.05937542  0.07451054 0.14402623 0.21354191 0.22867703
rh_S_temporal_transverse     0.43050992 0.05251172 0.00000103  0.31788348  0.33802050 0.43050992 0.52299935 0.54313637


