===== Summary of variable information =====
Total number of ROIs: 148
Response variable Y - mean: -22.131740; SD: 0.673610
   Min. 1st Qu.  Median    Mean 3rd Qu.    Max. 
 -23.92  -22.61  -22.09  -22.13  -21.62  -20.23 


Data structure:
'data.frame':	2219 obs. of  3 variables:
 $ Subj: Factor w/ 15 levels "1","2","3","4",..: 1 1 1 1 1 1 1 1 1 1 ...
 $ ROI : Factor w/ 148 levels "lh_G_and_S_cingul-Ant",..: 17 1 2 3 4 5 6 7 8 9 ...
 $ Y   : num  -22.3 -21.9 -22 -22 -22.4 ...
Subjects:
  1   2   3   4   5   6   7   8   9  10  11  12  13  14  15 
148 148 147 148 148 148 148 148 148 148 148 148 148 148 148 
ROIs:
       lh_G_and_S_cingul-Ant    lh_G_and_S_cingul-Mid-Ant 
                          15                           15 
  lh_G_and_S_cingul-Mid-Post      lh_G_and_S_frontomargin 
                          15                           15 
    lh_G_and_S_occipital_inf       lh_G_and_S_paracentral 
                          15                           15 
       lh_G_and_S_subcentral  lh_G_and_S_transv_frontopol 
                          15                           15 
     lh_G_cingul-Post-dorsal     lh_G_cingul-Post-ventral 
                          15                           15 
                 lh_G_cuneus     lh_G_front_inf-Opercular 
                          15                           15 
      lh_G_front_inf-Orbital      lh_G_front_inf-Triangul 
                          15                           15 
           lh_G_front_middle               lh_G_front_sup 
                          15                           15 
  lh_G_Ins_lg_and_S_cent_ins           lh_G_insular_short 
                          15                           15 
    lh_G_oc-temp_lat-fusifor     lh_G_oc-temp_med-Lingual 
                          15                           15 
    lh_G_oc-temp_med-Parahip        lh_G_occipital_middle 
                          15                           15 
          lh_G_occipital_sup                 lh_G_orbital 
                          15                           15 
     lh_G_pariet_inf-Angular     lh_G_pariet_inf-Supramar 
                          15                           15 
           lh_G_parietal_sup             lh_G_postcentral 
                          15                           15 
             lh_G_precentral               lh_G_precuneus 
                          15                           15 
                 lh_G_rectus             lh_G_subcallosal 
                          15                           15 
    lh_G_temp_sup-G_T_transv        lh_G_temp_sup-Lateral 
                          15                           15 
    lh_G_temp_sup-Plan_polar     lh_G_temp_sup-Plan_tempo 
                          15                           15 
           lh_G_temporal_inf         lh_G_temporal_middle 
                          15                           15 
     lh_Lat_Fis-ant-Horizont      lh_Lat_Fis-ant-Vertical 
                          15                           15 
             lh_Lat_Fis-post            lh_Pole_occipital 
                          15                           15 
            lh_Pole_temporal               lh_S_calcarine 
                          15                           15 
                lh_S_central       lh_S_cingul-Marginalis 
                          15                           15 
    lh_S_circular_insula_ant     lh_S_circular_insula_inf 
                          15                           15 
    lh_S_circular_insula_sup       lh_S_collat_transv_ant 
                          15                           15 
     lh_S_collat_transv_post               lh_S_front_inf 
                          15                           15 
           lh_S_front_middle               lh_S_front_sup 
                          15                           15 
     lh_S_interm_prim-Jensen lh_S_intrapariet_and_P_trans 
                          15                           15 
  lh_S_oc_middle_and_Lunatus  lh_S_oc_sup_and_transversal 
                          15                           15 
            lh_S_oc-temp_lat lh_S_oc-temp_med_and_Lingual 
                          15                           15 
          lh_S_occipital_ant         lh_S_orbital_lateral 
                          15                           15 
     lh_S_orbital_med-olfact        lh_S_orbital-H_Shaped 
                          15                           15 
      lh_S_parieto_occipital            lh_S_pericallosal 
                          15                           15 
            lh_S_postcentral     lh_S_precentral-inf-part 
                          15                           15 
    lh_S_precentral-sup-part              lh_S_suborbital 
                          15                           15 
            lh_S_subparietal            lh_S_temporal_inf 
                          15                           15 
           lh_S_temporal_sup     lh_S_temporal_transverse 
                          15                           15 
       rh_G_and_S_cingul-Ant    rh_G_and_S_cingul-Mid-Ant 
                          15                           15 
  rh_G_and_S_cingul-Mid-Post      rh_G_and_S_frontomargin 
                          15                           15 
    rh_G_and_S_occipital_inf       rh_G_and_S_paracentral 
                          15                           15 
       rh_G_and_S_subcentral  rh_G_and_S_transv_frontopol 
                          15                           15 
     rh_G_cingul-Post-dorsal     rh_G_cingul-Post-ventral 
                          15                           15 
                 rh_G_cuneus     rh_G_front_inf-Opercular 
                          15                           15 
      rh_G_front_inf-Orbital      rh_G_front_inf-Triangul 
                          15                           15 
           rh_G_front_middle               rh_G_front_sup 
                          15                           15 
  rh_G_Ins_lg_and_S_cent_ins           rh_G_insular_short 
                          15                           15 
    rh_G_oc-temp_lat-fusifor     rh_G_oc-temp_med-Lingual 
                          15                           15 
    rh_G_oc-temp_med-Parahip        rh_G_occipital_middle 
                          15                           15 
          rh_G_occipital_sup                 rh_G_orbital 
                          15                           15 
     rh_G_pariet_inf-Angular                      (Other) 
                          15                          734 


10/11/25 14:39:44.591
   user  system elapsed 
207.221   2.484  76.620 

***** Summary information of model results *****

 Family: gaussian 
  Links: mu = identity 
Formula: Y ~ 1 + (1 | Subj) + (1 | ROI) 
   Data: lop$dataTable (Number of observations: 2219) 
  Draws: 4 chains, each with iter = 5000; warmup = 2500; thin = 1;
         total post-warmup draws = 10000

Multilevel Hyperparameters:
~ROI (Number of levels: 148) 
              Estimate Est.Error l-95% CI u-95% CI Rhat Bulk_ESS Tail_ESS
sd(Intercept)     0.55      0.03     0.50     0.62 1.01      718     1309

~Subj (Number of levels: 15) 
              Estimate Est.Error l-95% CI u-95% CI Rhat Bulk_ESS Tail_ESS
sd(Intercept)     0.28      0.06     0.19     0.42 1.00     2190     3996

Regression Coefficients:
          Estimate Est.Error l-95% CI u-95% CI Rhat Bulk_ESS Tail_ESS
Intercept   -22.13      0.09   -22.30   -21.96 1.00      705     1956

Further Distributional Parameters:
      Estimate Est.Error l-95% CI u-95% CI Rhat Bulk_ESS Tail_ESS
sigma     0.31      0.00     0.30     0.32 1.00    14910     5874

Draws were sampled using sampling(NUTS). For each parameter, Bulk_ESS
and Tail_ESS are effective sample size measures, and Rhat is the potential
scale reduction factor on split chains (at convergence, Rhat = 1).


===== Summary of region effects for Intercept (RBA results) =====
                                  mean        SD P+      2.5%        5%       50%       95%     97.5%
lh_G_and_S_cingul-Ant        -21.88288 0.1079183  0 -22.09280 -22.05808 -21.88378 -21.70461 -21.66717
lh_G_and_S_cingul-Mid-Ant    -22.03081 0.1074795  0 -22.24300 -22.20797 -22.03023 -21.85672 -21.81873
lh_G_and_S_cingul-Mid-Post   -22.05719 0.1077810  0 -22.26714 -22.23443 -22.05854 -21.87648 -21.84196
lh_G_and_S_frontomargin      -22.41780 0.1064305  0 -22.62358 -22.58824 -22.41929 -22.24072 -22.20751
lh_G_and_S_occipital_inf     -21.75860 0.1072869  0 -21.97051 -21.93553 -21.75868 -21.58257 -21.55041
lh_G_and_S_paracentral       -22.07292 0.1085641  0 -22.28500 -22.24862 -22.07492 -21.89246 -21.85615
lh_G_and_S_subcentral        -21.67901 0.1073680  0 -21.88599 -21.85613 -21.68020 -21.50202 -21.46806
lh_G_and_S_transv_frontopol  -22.70009 0.1076350  0 -22.91024 -22.87573 -22.70029 -22.52366 -22.48555
lh_G_cingul-Post-dorsal      -21.76320 0.1088399  0 -21.97966 -21.94158 -21.76290 -21.58522 -21.54764
lh_G_cingul-Post-ventral     -21.62827 0.1082415  0 -21.84157 -21.80786 -21.62700 -21.45224 -21.41593
lh_G_cuneus                  -21.88850 0.1066277  0 -22.09523 -22.06251 -21.88993 -21.71067 -21.67253
lh_G_front_inf-Opercular     -22.20161 0.1092043  0 -22.41664 -22.38129 -22.20208 -22.02221 -21.98268
lh_G_front_inf-Orbital       -21.52651 0.1082393  0 -21.73358 -21.70125 -21.52791 -21.34965 -21.31195
lh_G_front_inf-Triangul      -22.45600 0.1088332  0 -22.66966 -22.63290 -22.45688 -22.27523 -22.23986
lh_G_front_middle            -23.29749 0.1071574  0 -23.50621 -23.47272 -23.29843 -23.12109 -23.08631
lh_G_front_sup               -22.85979 0.1072866  0 -23.06866 -23.03457 -22.85978 -22.68333 -22.64774
lh_G_Ins_lg_and_S_cent_ins   -22.38944 0.1075000  0 -22.60028 -22.56627 -22.39040 -22.21428 -22.17645
lh_G_insular_short           -22.61182 0.1082189  0 -22.82087 -22.78897 -22.61264 -22.43525 -22.40205
lh_G_oc-temp_lat-fusifor     -21.55443 0.1075346  0 -21.76199 -21.72968 -21.55417 -21.37753 -21.34195
lh_G_oc-temp_med-Lingual     -21.91147 0.1078591  0 -22.11735 -22.08465 -21.91382 -21.73293 -21.69809
lh_G_oc-temp_med-Parahip     -21.45432 0.1078713  0 -21.66880 -21.63457 -21.45311 -21.27698 -21.24290
lh_G_occipital_middle        -22.83066 0.1075626  0 -23.03995 -23.00619 -22.83151 -22.65355 -22.61505
lh_G_occipital_sup           -22.39123 0.1075431  0 -22.60302 -22.56831 -22.39154 -22.21591 -22.17686
lh_G_orbital                 -21.94686 0.1066150  0 -22.15346 -22.12256 -21.94800 -21.77296 -21.74063
lh_G_pariet_inf-Angular      -22.80482 0.1075788  0 -23.00993 -22.97888 -22.80682 -22.62778 -22.58840
lh_G_pariet_inf-Supramar     -22.64551 0.1086313  0 -22.85729 -22.82195 -22.64526 -22.46812 -22.43298
lh_G_parietal_sup            -23.31359 0.1078527  0 -23.52473 -23.48880 -23.31398 -23.13463 -23.09681
lh_G_postcentral             -22.81083 0.1082364  0 -23.02011 -22.98885 -22.81186 -22.63059 -22.59322
lh_G_precentral              -23.11542 0.1076028  0 -23.32837 -23.29139 -23.11484 -22.94087 -22.90538
lh_G_precuneus               -22.03893 0.1082431  0 -22.24605 -22.21402 -22.04070 -21.86152 -21.82507
lh_G_rectus                  -21.66007 0.1073521  0 -21.86970 -21.83422 -21.66022 -21.48362 -21.44564
lh_G_subcallosal             -21.39291 0.1085850  0 -21.60658 -21.56938 -21.39431 -21.21116 -21.17326
lh_G_temp_sup-G_T_transv     -21.39779 0.1069091  0 -21.60564 -21.57245 -21.39738 -21.22306 -21.18412
lh_G_temp_sup-Lateral        -22.45009 0.1072325  0 -22.65784 -22.62495 -22.45097 -22.27368 -22.24070
lh_G_temp_sup-Plan_polar     -21.08876 0.1087911  0 -21.29990 -21.26305 -21.09104 -20.91011 -20.86911
lh_G_temp_sup-Plan_tempo     -21.58719 0.1085418  0 -21.80327 -21.76744 -21.58661 -21.40922 -21.37356
lh_G_temporal_inf            -22.02488 0.1075777  0 -22.23288 -22.20103 -22.02519 -21.85065 -21.81771
lh_G_temporal_middle         -22.89986 0.1085867  0 -23.11381 -23.07837 -22.89975 -22.71777 -22.68239
lh_Lat_Fis-ant-Horizont      -21.35432 0.1090077  0 -21.56658 -21.53033 -21.35478 -21.17598 -21.13852
lh_Lat_Fis-ant-Vertical      -21.56719 0.1092334  0 -21.78346 -21.74483 -21.56839 -21.38809 -21.34958
lh_Lat_Fis-post              -21.96875 0.1081875  0 -22.17902 -22.14697 -21.96812 -21.79217 -21.75735
lh_Pole_occipital            -22.14003 0.1080252  0 -22.34848 -22.31513 -22.14140 -21.96349 -21.92238
lh_Pole_temporal             -21.51405 0.1069816  0 -21.71942 -21.68662 -21.51504 -21.33842 -21.30152
lh_S_calcarine               -22.16456 0.1077071  0 -22.37616 -22.34144 -22.16560 -21.98457 -21.95100
lh_S_central                 -23.03800 0.1070724  0 -23.24825 -23.21527 -23.03864 -22.86369 -22.82647
lh_S_cingul-Marginalis       -22.18504 0.1076515  0 -22.39329 -22.36062 -22.18528 -22.00908 -21.96881
lh_S_circular_insula_ant     -21.59663 0.1069999  0 -21.80696 -21.77144 -21.59825 -21.42026 -21.38360
lh_S_circular_insula_inf     -21.72045 0.1089654  0 -21.93509 -21.89666 -21.72157 -21.54444 -21.51002
lh_S_circular_insula_sup     -22.00781 0.1078619  0 -22.22029 -22.18778 -22.00679 -21.83232 -21.79394
lh_S_collat_transv_ant       -21.61791 0.1086683  0 -21.83145 -21.79797 -21.61847 -21.43995 -21.40089
lh_S_collat_transv_post      -21.70663 0.1071324  0 -21.91342 -21.88237 -21.70672 -21.52935 -21.49405
lh_S_front_inf               -22.49617 0.1075280  0 -22.70249 -22.66989 -22.49803 -22.31695 -22.28066
lh_S_front_middle            -22.83844 0.1067421  0 -23.04747 -23.01334 -22.83874 -22.66824 -22.63293
lh_S_front_sup               -22.96123 0.1077234  0 -23.17419 -23.13874 -22.96254 -22.78211 -22.74812
lh_S_interm_prim-Jensen      -22.09309 0.1082390  0 -22.30249 -22.26836 -22.09405 -21.91422 -21.87753
lh_S_intrapariet_and_P_trans -23.02213 0.1081900  0 -23.22994 -23.19711 -23.02274 -22.84332 -22.80481
lh_S_oc_middle_and_Lunatus   -22.49098 0.1072803  0 -22.69759 -22.66624 -22.49148 -22.31651 -22.28101
lh_S_oc_sup_and_transversal  -22.18306 0.1086584  0 -22.39562 -22.35890 -22.18243 -22.00745 -21.96881
lh_S_oc-temp_lat             -21.99393 0.1076486  0 -22.20356 -22.17070 -21.99494 -21.81495 -21.78083
lh_S_oc-temp_med_and_Lingual -21.97755 0.1083185  0 -22.19096 -22.15392 -21.97800 -21.79892 -21.76317
lh_S_occipital_ant           -21.97863 0.1056608  0 -22.18311 -22.14963 -21.98066 -21.80363 -21.77137
lh_S_orbital_lateral         -22.11956 0.1073273  0 -22.32584 -22.29397 -22.11906 -21.94361 -21.90581
lh_S_orbital_med-olfact      -21.66950 0.1084931  0 -21.88160 -21.84869 -21.66937 -21.49141 -21.45617
lh_S_orbital-H_Shaped        -21.83273 0.1081992  0 -22.04498 -22.00755 -21.83291 -21.65380 -21.61416
lh_S_parieto_occipital       -22.43134 0.1081981  0 -22.64497 -22.60938 -22.43174 -22.25317 -22.21601
lh_S_pericallosal            -22.06103 0.1083218  0 -22.27264 -22.23624 -22.06189 -21.88115 -21.84735
lh_S_postcentral             -23.02050 0.1071418  0 -23.23148 -23.19264 -23.02169 -22.84382 -22.80658
lh_S_precentral-inf-part     -22.10401 0.1082984  0 -22.30995 -22.27892 -22.10405 -21.92445 -21.88958
lh_S_precentral-sup-part     -22.49796 0.1077950  0 -22.70357 -22.67150 -22.49897 -22.31920 -22.28251
lh_S_suborbital              -21.33031 0.1070862  0 -21.53660 -21.50735 -21.33112 -21.15417 -21.11766
lh_S_subparietal             -21.93242 0.1069928  0 -22.14024 -22.10567 -21.93410 -21.75344 -21.71744
lh_S_temporal_inf            -22.42242 0.1078973  0 -22.63356 -22.59758 -22.42399 -22.24378 -22.20357
lh_S_temporal_sup            -23.22279 0.1083306  0 -23.43181 -23.39523 -23.22398 -23.04484 -23.00496
lh_S_temporal_transverse     -21.35209 0.1088870  0 -21.56039 -21.52905 -21.35430 -21.17118 -21.13570
rh_G_and_S_cingul-Ant        -21.91874 0.1073384  0 -22.12780 -22.09366 -21.91807 -21.74124 -21.70859
rh_G_and_S_cingul-Mid-Ant    -22.02815 0.1097900  0 -22.24217 -22.20801 -22.02840 -21.84863 -21.81393
rh_G_and_S_cingul-Mid-Post   -22.05305 0.1079182  0 -22.26152 -22.22657 -22.05377 -21.87535 -21.83967
rh_G_and_S_frontomargin      -22.33639 0.1083436  0 -22.54692 -22.51350 -22.33607 -22.16004 -22.12498
rh_G_and_S_occipital_inf     -21.72735 0.1076281  0 -21.93909 -21.90173 -21.72826 -21.55055 -21.51104
rh_G_and_S_paracentral       -22.07777 0.1090143  0 -22.29234 -22.25702 -22.07909 -21.89695 -21.86146
rh_G_and_S_subcentral        -21.55618 0.1082115  0 -21.76999 -21.73405 -21.55681 -21.37684 -21.34370
rh_G_and_S_transv_frontopol  -22.75712 0.1080175  0 -22.96847 -22.93590 -22.75753 -22.58003 -22.54226
rh_G_cingul-Post-dorsal      -21.77260 0.1094845  0 -21.98195 -21.95235 -21.77379 -21.59123 -21.55350
rh_G_cingul-Post-ventral     -21.43353 0.1096406  0 -21.64218 -21.61009 -21.43576 -21.25365 -21.21473
rh_G_cuneus                  -21.83884 0.1065077  0 -22.03998 -22.00877 -21.84054 -21.66325 -21.62589
rh_G_front_inf-Opercular     -21.86413 0.1081945  0 -22.06978 -22.03936 -21.86499 -21.68723 -21.64913
rh_G_front_inf-Orbital       -21.60811 0.1081659  0 -21.81882 -21.78284 -21.60944 -21.42795 -21.39370
rh_G_front_inf-Triangul      -22.48249 0.1078997  0 -22.69533 -22.65991 -22.48381 -22.30466 -22.26730
rh_G_front_middle            -23.25188 0.1080818  0 -23.45917 -23.42771 -23.25327 -23.07298 -23.03531
rh_G_front_sup               -22.85123 0.1087659  0 -23.06380 -23.02951 -22.85096 -22.67426 -22.63675
rh_G_Ins_lg_and_S_cent_ins   -22.52654 0.1085382  0 -22.73562 -22.70357 -22.52715 -22.34742 -22.31177
rh_G_insular_short           -22.68662 0.1089644  0 -22.89867 -22.86198 -22.68610 -22.50619 -22.46985
rh_G_oc-temp_lat-fusifor     -21.47225 0.1090057  0 -21.68475 -21.64745 -21.47190 -21.29268 -21.25630
rh_G_oc-temp_med-Lingual     -21.89371 0.1083872  0 -22.10262 -22.06738 -21.89426 -21.71617 -21.67765
rh_G_oc-temp_med-Parahip     -21.46666 0.1069047  0 -21.67645 -21.64115 -21.46696 -21.29022 -21.25568
rh_G_occipital_middle        -22.62608 0.1075070  0 -22.83365 -22.79963 -22.62693 -22.44906 -22.41577
rh_G_occipital_sup           -22.56427 0.1064947  0 -22.77184 -22.73924 -22.56516 -22.39091 -22.35557
rh_G_orbital                 -21.90151 0.1070244  0 -22.11265 -22.07847 -21.90103 -21.72589 -21.68822
rh_G_pariet_inf-Angular      -22.92600 0.1071668  0 -23.13591 -23.10300 -22.92686 -22.74904 -22.70982
rh_G_pariet_inf-Supramar     -22.44495 0.1081309  0 -22.65829 -22.62024 -22.44396 -22.27047 -22.23358
rh_G_parietal_sup            -23.01699 0.1087285  0 -23.22859 -23.19160 -23.01941 -22.83812 -22.80038
rh_G_postcentral             -22.68531 0.1087010  0 -22.89675 -22.86097 -22.68743 -22.50251 -22.46678
rh_G_precentral              -22.87608 0.1079124  0 -23.09115 -23.05474 -22.87590 -22.69970 -22.66412
rh_G_precuneus               -22.01959 0.1101218  0 -22.23168 -22.19989 -22.02003 -21.83869 -21.80048
rh_G_rectus                  -21.70292 0.1060665  0 -21.90809 -21.87439 -21.70399 -21.52460 -21.49077
rh_G_subcallosal             -21.23766 0.1072613  0 -21.44672 -21.41287 -21.23815 -21.06067 -21.02273
rh_G_temp_sup-G_T_transv     -21.28749 0.1068551  0 -21.49740 -21.46435 -21.28669 -21.11218 -21.07858
rh_G_temp_sup-Lateral        -22.41931 0.1085143  0 -22.62916 -22.59560 -22.42001 -22.23845 -22.20154
rh_G_temp_sup-Plan_polar     -21.18065 0.1082506  0 -21.38901 -21.35738 -21.18053 -21.00063 -20.96288
rh_G_temp_sup-Plan_tempo     -21.34411 0.1071364  0 -21.55716 -21.51901 -21.34301 -21.16751 -21.13256
rh_G_temporal_inf            -22.01335 0.1086502  0 -22.22314 -22.18910 -22.01396 -21.83384 -21.79770
rh_G_temporal_middle         -23.00051 0.1077702  0 -23.20741 -23.17477 -23.00085 -22.82329 -22.78162
rh_Lat_Fis-ant-Horizont      -21.40723 0.1078150  0 -21.61809 -21.58325 -21.40842 -21.23088 -21.19307
rh_Lat_Fis-ant-Vertical      -21.36687 0.1079872  0 -21.57673 -21.54408 -21.36801 -21.18599 -21.15493
rh_Lat_Fis-post              -22.05441 0.1085387  0 -22.26178 -22.23089 -22.05564 -21.87476 -21.83419
rh_Pole_occipital            -22.01908 0.1100792  0 -22.23638 -22.20172 -22.01832 -21.84034 -21.80794
rh_Pole_temporal             -21.44715 0.1095347  0 -21.66056 -21.62509 -21.44756 -21.26591 -21.22736
rh_S_calcarine               -22.19722 0.1071748  0 -22.40589 -22.37330 -22.19757 -22.01961 -21.98519
rh_S_central                 -23.21316 0.1091024  0 -23.42698 -23.39198 -23.21310 -23.03571 -22.99965
rh_S_cingul-Marginalis       -22.22330 0.1075418  0 -22.42939 -22.39779 -22.22311 -22.04525 -22.00671
rh_S_circular_insula_ant     -21.65520 0.1084154  0 -21.86358 -21.83172 -21.65678 -21.47500 -21.44047
rh_S_circular_insula_inf     -21.61993 0.1092020  0 -21.83109 -21.79530 -21.62028 -21.44132 -21.40281
rh_S_circular_insula_sup     -22.07959 0.1086681  0 -22.29215 -22.25779 -22.08051 -21.90036 -21.86144
rh_S_collat_transv_ant       -21.62446 0.1075114  0 -21.83322 -21.80219 -21.62461 -21.44672 -21.40676
rh_S_collat_transv_post      -21.46451 0.1079747  0 -21.67772 -21.63684 -21.46452 -21.28714 -21.25274
rh_S_front_inf               -22.26569 0.1095940  0 -22.47958 -22.44458 -22.26635 -22.08623 -22.05054
rh_S_front_middle            -22.82811 0.1072790  0 -23.03847 -23.00333 -22.82917 -22.65187 -22.61429
rh_S_front_sup               -22.82538 0.1073577  0 -23.03045 -22.99868 -22.82643 -22.65153 -22.61324
rh_S_interm_prim-Jensen      -21.95287 0.1070084  0 -22.16343 -22.13043 -21.95270 -21.77764 -21.74153
rh_S_intrapariet_and_P_trans -23.03117 0.1073862  0 -23.24416 -23.20644 -23.03066 -22.85693 -22.82039
rh_S_oc_middle_and_Lunatus   -22.26155 0.1082705  0 -22.46820 -22.43533 -22.26283 -22.08203 -22.04208
rh_S_oc_sup_and_transversal  -22.36270 0.1090292  0 -22.57374 -22.54094 -22.36124 -22.18206 -22.14494
rh_S_oc-temp_lat             -21.82072 0.1080457  0 -22.03231 -21.99858 -21.82147 -21.64378 -21.60996
rh_S_oc-temp_med_and_Lingual -21.92883 0.1079474  0 -22.14461 -22.10786 -21.92877 -21.75184 -21.71562
rh_S_occipital_ant           -22.17488 0.1088064  0 -22.38491 -22.35036 -22.17682 -21.99370 -21.95623
rh_S_orbital_lateral         -22.29235 0.1081108  0 -22.50478 -22.46836 -22.29248 -22.11467 -22.07909
rh_S_orbital_med-olfact      -21.63697 0.1077626  0 -21.84958 -21.81110 -21.63802 -21.45752 -21.41870
rh_S_orbital-H_Shaped        -21.71401 0.1079538  0 -21.92249 -21.89046 -21.71597 -21.53433 -21.49839
rh_S_parieto_occipital       -22.44448 0.1082970  0 -22.65738 -22.62243 -22.44487 -22.26902 -22.23401
rh_S_pericallosal            -22.11821 0.1090052  0 -22.33048 -22.29535 -22.11851 -21.94115 -21.90256
rh_S_postcentral             -22.71533 0.1068177  0 -22.92466 -22.89004 -22.71533 -22.54082 -22.50416
rh_S_precentral-inf-part     -22.18312 0.1088461  0 -22.38976 -22.35939 -22.18278 -22.00372 -21.96650
rh_S_precentral-sup-part     -22.61238 0.1067939  0 -22.82382 -22.78853 -22.61265 -22.43702 -22.40051
rh_S_suborbital              -21.31541 0.1103762  0 -21.53141 -21.49641 -21.31601 -21.13510 -21.09916
rh_S_subparietal             -21.91427 0.1070489  0 -22.12435 -22.08896 -21.91444 -21.73615 -21.70176
rh_S_temporal_inf            -22.45478 0.1074195  0 -22.66408 -22.62763 -22.45606 -22.27623 -22.23956
rh_S_temporal_sup            -23.00867 0.1083263  0 -23.21757 -23.18336 -23.00878 -22.83113 -22.79338
rh_S_temporal_transverse     -21.06467 0.1089468  0 -21.27616 -21.24274 -21.06455 -20.88438 -20.84800


===== Summary of region effects under GLM for Intercept (for reference only): no adjustment for multiplicity =====
                                  mean         SD 2-sided-p      2.5%        5%       50%       95%     97.5%
lh_G_and_S_cingul-Ant        -21.87910 0.08742001         0 -22.06660 -22.03308 -21.87910 -21.72513 -21.69160
lh_G_and_S_cingul-Mid-Ant    -22.02972 0.06394765         0 -22.16687 -22.14235 -22.02972 -21.91709 -21.89256
lh_G_and_S_cingul-Mid-Post   -22.05750 0.04999614         0 -22.16473 -22.14556 -22.05750 -21.96944 -21.95027
lh_G_and_S_frontomargin      -22.42467 0.09857561         0 -22.63609 -22.59829 -22.42467 -22.25105 -22.21324
lh_G_and_S_occipital_inf     -21.75211 0.17199674         0 -22.12101 -22.05505 -21.75211 -21.44917 -21.38322
lh_G_and_S_paracentral       -22.07307 0.08432032         0 -22.25392 -22.22158 -22.07307 -21.92455 -21.89222
lh_G_and_S_subcentral        -21.67002 0.05144702         0 -21.78036 -21.76064 -21.67002 -21.57941 -21.55968
lh_G_and_S_transv_frontopol  -22.71310 0.09732891         0 -22.92185 -22.88453 -22.71310 -22.54168 -22.50435
lh_G_cingul-Post-dorsal      -21.75654 0.07951032         0 -21.92707 -21.89658 -21.75654 -21.61650 -21.58601
lh_G_cingul-Post-ventral     -21.61900 0.09863904         0 -21.83056 -21.79274 -21.61900 -21.44527 -21.40744
lh_G_cuneus                  -21.88411 0.11574127         0 -22.13235 -22.08796 -21.88411 -21.68025 -21.63587
lh_G_front_inf-Opercular     -22.20471 0.06947453         0 -22.35371 -22.32707 -22.20471 -22.08234 -22.05570
lh_G_front_inf-Orbital       -21.51550 0.07267815         0 -21.67138 -21.64351 -21.51550 -21.38749 -21.35962
lh_G_front_inf-Triangul      -22.46394 0.11608118         0 -22.71291 -22.66839 -22.46394 -22.25948 -22.21497
lh_G_front_middle            -23.32233 0.08180653         0 -23.49778 -23.46641 -23.32233 -23.17824 -23.14687
lh_G_front_sup               -22.87601 0.05895089         0 -23.00245 -22.97984 -22.87601 -22.77218 -22.74958
lh_G_Ins_lg_and_S_cent_ins   -22.39605 0.11506494         0 -22.64284 -22.59871 -22.39605 -22.19338 -22.14926
lh_G_insular_short           -22.62234 0.10189496         0 -22.84088 -22.80181 -22.62234 -22.44287 -22.40380
lh_G_oc-temp_lat-fusifor     -21.54294 0.12134121         0 -21.80319 -21.75666 -21.54294 -21.32922 -21.28269
lh_G_oc-temp_med-Lingual     -21.90704 0.15255100         0 -22.23423 -22.17573 -21.90704 -21.63835 -21.57985
lh_G_oc-temp_med-Parahip     -21.44237 0.08242624         0 -21.61916 -21.58755 -21.44237 -21.29720 -21.26559
lh_G_occipital_middle        -22.84617 0.14777263         0 -23.16311 -23.10644 -22.84617 -22.58589 -22.52923
lh_G_occipital_sup           -22.39651 0.16894193         0 -22.75885 -22.69407 -22.39651 -22.09895 -22.03416
lh_G_orbital                 -21.94428 0.08424323         0 -22.12496 -22.09266 -21.94428 -21.79590 -21.76360
lh_G_pariet_inf-Angular      -22.81902 0.07490252         0 -22.97967 -22.95095 -22.81902 -22.68709 -22.65837
lh_G_pariet_inf-Supramar     -22.65598 0.09497691         0 -22.85969 -22.82327 -22.65598 -22.48870 -22.45228
lh_G_parietal_sup            -23.33869 0.11013663         0 -23.57491 -23.53267 -23.33869 -23.14470 -23.10247
lh_G_postcentral             -22.82522 0.08908238         0 -23.01628 -22.98212 -22.82522 -22.66832 -22.63416
lh_G_precentral              -23.13661 0.09226287         0 -23.33450 -23.29912 -23.13661 -22.97411 -22.93873
lh_G_precuneus               -22.03831 0.09155281         0 -22.23467 -22.19956 -22.03831 -21.87706 -21.84195
lh_G_rectus                  -21.65166 0.09089037         0 -21.84660 -21.81175 -21.65166 -21.49158 -21.45672
lh_G_subcallosal             -21.37800 0.08797308         0 -21.56668 -21.53295 -21.37800 -21.22305 -21.18931
lh_G_temp_sup-G_T_transv     -21.38306 0.09508054         0 -21.58699 -21.55053 -21.38306 -21.21560 -21.17914
lh_G_temp_sup-Lateral        -22.45761 0.09613733         0 -22.66381 -22.62694 -22.45761 -22.28829 -22.25142
lh_G_temp_sup-Plan_polar     -21.06816 0.09837675         0 -21.27916 -21.24143 -21.06816 -20.89489 -20.85716
lh_G_temp_sup-Plan_tempo     -21.57748 0.10359438         0 -21.79967 -21.75994 -21.57748 -21.39502 -21.35529
lh_G_temporal_inf            -22.02424 0.15227032         0 -22.35083 -22.29244 -22.02424 -21.75605 -21.69766
lh_G_temporal_middle         -22.91634 0.13473546         0 -23.20532 -23.15365 -22.91634 -22.67903 -22.62736
lh_Lat_Fis-ant-Horizont      -21.33889 0.06620305         0 -21.48088 -21.45549 -21.33889 -21.22229 -21.19690
lh_Lat_Fis-ant-Vertical      -21.55678 0.06048098         0 -21.68650 -21.66330 -21.55678 -21.45025 -21.42706
lh_Lat_Fis-post              -21.96736 0.07835084         0 -22.13540 -22.10536 -21.96736 -21.82936 -21.79931
lh_Pole_occipital            -22.14003 0.14897895         0 -22.45956 -22.40243 -22.14003 -21.87763 -21.82050
lh_Pole_temporal             -21.50163 0.09822704         0 -21.71230 -21.67464 -21.50163 -21.32862 -21.29095
lh_S_calcarine               -22.16530 0.13106643         0 -22.44641 -22.39615 -22.16530 -21.93445 -21.88419
lh_S_central                 -23.05716 0.09310645         0 -23.25685 -23.22115 -23.05716 -22.89317 -22.85746
lh_S_cingul-Marginalis       -22.18753 0.07191750         0 -22.34178 -22.31420 -22.18753 -22.06086 -22.03328
lh_S_circular_insula_ant     -21.58529 0.09032923         0 -21.77903 -21.74439 -21.58529 -21.42619 -21.39155
lh_S_circular_insula_inf     -21.71409 0.08014757         0 -21.88599 -21.85526 -21.71409 -21.57293 -21.54219
lh_S_circular_insula_sup     -22.00602 0.04850137         0 -22.11005 -22.09145 -22.00602 -21.92060 -21.90200
lh_S_collat_transv_ant       -21.60869 0.10476715         0 -21.83339 -21.79322 -21.60869 -21.42416 -21.38399
lh_S_collat_transv_post      -21.69802 0.12145822         0 -21.95852 -21.91195 -21.69802 -21.48409 -21.43752
lh_S_front_inf               -22.50455 0.08134271         0 -22.67901 -22.64782 -22.50455 -22.36128 -22.33008
lh_S_front_middle            -22.85405 0.12416790         0 -23.12036 -23.07275 -22.85405 -22.63535 -22.58774
lh_S_front_sup               -22.97851 0.10795559         0 -23.21005 -23.16865 -22.97851 -22.78837 -22.74697
lh_S_interm_prim-Jensen      -22.09362 0.16700215         0 -22.45181 -22.38777 -22.09362 -21.79948 -21.73544
lh_S_intrapariet_and_P_trans -23.04107 0.09431134         0 -23.24334 -23.20718 -23.04107 -22.87496 -22.83879
lh_S_oc_middle_and_Lunatus   -22.49944 0.19659852         0 -22.92110 -22.84571 -22.49944 -22.15316 -22.07777
lh_S_oc_sup_and_transversal  -22.18456 0.13090397         0 -22.46532 -22.41512 -22.18456 -21.95399 -21.90379
lh_S_oc-temp_lat             -21.99203 0.10767444         0 -22.22297 -22.18168 -21.99203 -21.80238 -21.76109
lh_S_oc-temp_med_and_Lingual -21.97639 0.11826009         0 -22.23003 -22.18468 -21.97639 -21.76809 -21.72274
lh_S_occipital_ant           -21.97587 0.15907169         0 -22.31705 -22.25605 -21.97587 -21.69570 -21.63470
lh_S_orbital_lateral         -22.12079 0.12190735         0 -22.38225 -22.33550 -22.12079 -21.90607 -21.85932
lh_S_orbital_med-olfact      -21.66176 0.07797695         0 -21.82901 -21.79911 -21.66176 -21.52442 -21.49452
lh_S_orbital-H_Shaped        -21.82709 0.08000610         0 -21.99869 -21.96801 -21.82709 -21.68618 -21.65550
lh_S_parieto_occipital       -22.43858 0.07230206         0 -22.59365 -22.56592 -22.43858 -22.31123 -22.28350
lh_S_pericallosal            -22.06081 0.09237943         0 -22.25895 -22.22352 -22.06081 -21.89811 -21.86268
lh_S_postcentral             -23.03925 0.07704906         0 -23.20451 -23.17496 -23.03925 -22.90355 -22.87400
lh_S_precentral-inf-part     -22.10438 0.09971938         0 -22.31826 -22.28002 -22.10438 -21.92874 -21.89050
lh_S_precentral-sup-part     -22.50604 0.08317737         0 -22.68444 -22.65255 -22.50604 -22.35954 -22.32765
lh_S_suborbital              -21.31468 0.08963196         0 -21.50692 -21.47255 -21.31468 -21.15681 -21.12243
lh_S_subparietal             -21.92845 0.07547782         0 -22.09034 -22.06139 -21.92845 -21.79551 -21.76657
lh_S_temporal_inf            -22.42923 0.14960826         0 -22.75011 -22.69274 -22.42923 -22.16573 -22.10836
lh_S_temporal_sup            -23.24648 0.12902606         0 -23.52321 -23.47373 -23.24648 -23.01922 -22.96974
lh_S_temporal_transverse     -21.33648 0.11701688         0 -21.58745 -21.54258 -21.33648 -21.13038 -21.08550
rh_G_and_S_cingul-Ant        -21.91502 0.07041403         0 -22.06604 -22.03904 -21.91502 -21.79100 -21.76399
rh_G_and_S_cingul-Mid-Ant    -22.02628 0.06890861         0 -22.17408 -22.14765 -22.02628 -21.90491 -21.87849
rh_G_and_S_cingul-Mid-Post   -22.05307 0.05147838         0 -22.16348 -22.14374 -22.05307 -21.96240 -21.94266
rh_G_and_S_frontomargin      -22.34070 0.09472453         0 -22.54386 -22.50754 -22.34070 -22.17386 -22.13754
rh_G_and_S_occipital_inf     -21.72050 0.12072826         0 -21.97943 -21.93314 -21.72050 -21.50786 -21.46156
rh_G_and_S_paracentral       -22.07719 0.09145153         0 -22.27333 -22.23826 -22.07719 -21.91611 -21.88104
rh_G_and_S_subcentral        -21.54608 0.05181727         0 -21.65722 -21.63735 -21.54608 -21.45481 -21.43494
rh_G_and_S_transv_frontopol  -22.77061 0.08370469         0 -22.95014 -22.91804 -22.77061 -22.62318 -22.59108
rh_G_cingul-Post-dorsal      -21.76650 0.07244395         0 -21.92188 -21.89410 -21.76650 -21.63891 -21.61112
rh_G_cingul-Post-ventral     -21.42078 0.10036010         0 -21.63603 -21.59754 -21.42078 -21.24401 -21.20553
rh_G_cuneus                  -21.83413 0.12657137         0 -22.10560 -22.05706 -21.83413 -21.61120 -21.56266
rh_G_front_inf-Opercular     -21.85904 0.06970129         0 -22.00853 -21.98180 -21.85904 -21.73627 -21.70954
rh_G_front_inf-Orbital       -21.59896 0.13114612         0 -21.88024 -21.82995 -21.59896 -21.36797 -21.31768
rh_G_front_inf-Triangul      -22.49127 0.09878563         0 -22.70315 -22.66527 -22.49127 -22.31728 -22.27940
rh_G_front_middle            -23.27521 0.07562605         0 -23.43741 -23.40841 -23.27521 -23.14200 -23.11300
rh_G_front_sup               -22.86622 0.07045263         0 -23.01732 -22.99031 -22.86622 -22.74213 -22.71511
rh_G_Ins_lg_and_S_cent_ins   -22.53550 0.09453435         0 -22.73826 -22.70200 -22.53550 -22.36899 -22.33274
rh_G_insular_short           -22.69934 0.09270279         0 -22.89816 -22.86261 -22.69934 -22.53606 -22.50051
rh_G_oc-temp_lat-fusifor     -21.45998 0.08642036         0 -21.64533 -21.61219 -21.45998 -21.30776 -21.27462
rh_G_oc-temp_med-Lingual     -21.88958 0.14772310         0 -22.20641 -22.14976 -21.88958 -21.62939 -21.57274
rh_G_oc-temp_med-Parahip     -21.45414 0.08463960         0 -21.63567 -21.60321 -21.45414 -21.30506 -21.27260
rh_G_occipital_middle        -22.63736 0.11705648         0 -22.88842 -22.84353 -22.63736 -22.43119 -22.38630
rh_G_occipital_sup           -22.57454 0.16326265         0 -22.92471 -22.86210 -22.57454 -22.28699 -22.22438
rh_G_orbital                 -21.89637 0.08507714         0 -22.07884 -22.04622 -21.89637 -21.74652 -21.71390
rh_G_pariet_inf-Angular      -22.94247 0.10650059         0 -23.17090 -23.13006 -22.94247 -22.75489 -22.71405
rh_G_pariet_inf-Supramar     -22.45189 0.06469973         0 -22.59066 -22.56585 -22.45189 -22.33794 -22.31312
rh_G_parietal_sup            -23.03657 0.10795629         0 -23.26811 -23.22671 -23.03657 -22.84642 -22.80502
rh_G_postcentral             -22.69716 0.06453409         0 -22.83557 -22.81082 -22.69716 -22.58349 -22.55875
rh_G_precentral              -22.89218 0.08983649         0 -23.08486 -23.05041 -22.89218 -22.73395 -22.69950
rh_G_precuneus               -22.01799 0.09103735         0 -22.21325 -22.17834 -22.01799 -21.85765 -21.82274
rh_G_rectus                  -21.69517 0.07762405         0 -21.86165 -21.83189 -21.69517 -21.55845 -21.52868
rh_G_subcallosal             -21.21944 0.09242962         0 -21.41768 -21.38223 -21.21944 -21.05664 -21.02119
rh_G_temp_sup-G_T_transv     -21.27166 0.05448534         0 -21.38852 -21.36763 -21.27166 -21.17569 -21.15480
rh_G_temp_sup-Lateral        -22.42563 0.09892985         0 -22.63782 -22.59988 -22.42563 -22.25139 -22.21345
rh_G_temp_sup-Plan_polar     -21.16207 0.06985883         0 -21.31190 -21.28512 -21.16207 -21.03903 -21.01224
rh_G_temp_sup-Plan_tempo     -21.32901 0.08798525         0 -21.51772 -21.48398 -21.32901 -21.17404 -21.14030
rh_G_temporal_inf            -22.01098 0.07535526         0 -22.17260 -22.14370 -22.01098 -21.87825 -21.84936
rh_G_temporal_middle         -23.01992 0.09503980         0 -23.22376 -23.18732 -23.01992 -22.85253 -22.81608
rh_Lat_Fis-ant-Horizont      -21.39408 0.07269251         0 -21.54999 -21.52212 -21.39408 -21.26605 -21.23817
rh_Lat_Fis-ant-Vertical      -21.35164 0.07909198         0 -21.52128 -21.49095 -21.35164 -21.21233 -21.18200
rh_Lat_Fis-post              -22.05346 0.05681143         0 -22.17530 -22.15352 -22.05346 -21.95339 -21.93161
rh_Pole_occipital            -22.01733 0.13402993         0 -22.30479 -22.25340 -22.01733 -21.78126 -21.72986
rh_Pole_temporal             -21.43409 0.08352257         0 -21.61322 -21.58119 -21.43409 -21.28698 -21.25495
rh_S_calcarine               -22.19974 0.14126428         0 -22.50272 -22.44855 -22.19974 -21.95093 -21.89675
rh_S_central                 -23.23610 0.08891054         0 -23.42679 -23.39270 -23.23610 -23.07950 -23.04540
rh_S_cingul-Marginalis       -22.22636 0.06940028         0 -22.37521 -22.34860 -22.22636 -22.10413 -22.07751
rh_S_circular_insula_ant     -21.64630 0.10537983         0 -21.87231 -21.83190 -21.64630 -21.46069 -21.42028
rh_S_circular_insula_inf     -21.61096 0.07715682         0 -21.77645 -21.74686 -21.61096 -21.47506 -21.44548
rh_S_circular_insula_sup     -22.07906 0.04712642         0 -22.18014 -22.16207 -22.07906 -21.99606 -21.97799
rh_S_collat_transv_ant       -21.61499 0.10037825         0 -21.83028 -21.79179 -21.61499 -21.43819 -21.39970
rh_S_collat_transv_post      -21.45143 0.15079770         0 -21.77486 -21.71703 -21.45143 -21.18583 -21.12800
rh_S_front_inf               -22.26970 0.07949293         0 -22.44019 -22.40971 -22.26970 -22.12969 -22.09920
rh_S_front_middle            -22.84316 0.08871429         0 -23.03344 -22.99942 -22.84316 -22.68691 -22.65289
rh_S_front_sup               -22.84116 0.09069673         0 -23.03568 -23.00090 -22.84116 -22.68141 -22.64663
rh_S_interm_prim-Jensen      -21.95059 0.14658719         0 -22.26499 -22.20878 -21.95059 -21.69241 -21.63619
rh_S_intrapariet_and_P_trans -23.05000 0.07538731         0 -23.21169 -23.18278 -23.05000 -22.91722 -22.88831
rh_S_oc_middle_and_Lunatus   -22.26509 0.14520304         0 -22.57652 -22.52084 -22.26509 -22.00935 -21.95367
rh_S_oc_sup_and_transversal  -22.36765 0.12766823         0 -22.64147 -22.59251 -22.36765 -22.14278 -22.09383
rh_S_oc-temp_lat             -21.81532 0.12189638         0 -22.07676 -22.03002 -21.81532 -21.60062 -21.55388
rh_S_oc-temp_med_and_Lingual -21.92493 0.09919790         0 -22.13768 -22.09964 -21.92493 -21.75021 -21.71217
rh_S_occipital_ant           -22.17634 0.15378553         0 -22.50618 -22.44721 -22.17634 -21.90548 -21.84651
rh_S_orbital_lateral         -22.29676 0.13472348         0 -22.58571 -22.53405 -22.29676 -22.05947 -22.00781
rh_S_orbital_med-olfact      -21.62718 0.07790778         0 -21.79428 -21.76440 -21.62718 -21.48996 -21.46009
rh_S_orbital-H_Shaped        -21.70680 0.07691286         0 -21.87176 -21.84227 -21.70680 -21.57133 -21.54184
rh_S_parieto_occipital       -22.45033 0.09377844         0 -22.65146 -22.61550 -22.45033 -22.28516 -22.24920
rh_S_pericallosal            -22.11848 0.10435939         0 -22.34231 -22.30229 -22.11848 -21.93467 -21.89465
rh_S_postcentral             -22.72823 0.09618460         0 -22.93453 -22.89764 -22.72823 -22.55882 -22.52194
rh_S_precentral-inf-part     -22.18555 0.09699191         0 -22.39358 -22.35639 -22.18555 -22.01472 -21.97753
rh_S_precentral-sup-part     -22.62321 0.08452281         0 -22.80449 -22.77208 -22.62321 -22.47434 -22.44192
rh_S_suborbital              -21.31053 0.10161421         0 -21.52847 -21.48950 -21.31053 -21.13155 -21.09259
rh_S_subparietal             -21.91119 0.09071659         0 -22.10576 -22.07097 -21.91119 -21.75141 -21.71663
rh_S_temporal_inf            -22.46240 0.09872920         0 -22.67415 -22.63629 -22.46240 -22.28851 -22.25065
rh_S_temporal_sup            -23.02830 0.10542428         0 -23.25441 -23.21398 -23.02830 -22.84261 -22.80219
rh_S_temporal_transverse     -21.04341 0.05841609         0 -21.16870 -21.14629 -21.04341 -20.94052 -20.91812


