===== Summary of variable information =====
Total number of ROIs: 148
Response variable Y - mean: -0.000510; SD: 0.048117
      Min.    1st Qu.     Median       Mean    3rd Qu.       Max. 
-0.2274934 -0.0304383 -0.0002531 -0.0005099  0.0282648  0.2140257 


Data structure:
'data.frame':	2219 obs. of  3 variables:
 $ Subj: Factor w/ 15 levels "1","2","3","4",..: 1 1 1 1 1 1 1 1 1 1 ...
 $ ROI : Factor w/ 148 levels "lh_G_and_S_cingul-Ant",..: 17 1 2 3 4 5 6 7 8 9 ...
 $ Y   : num  0.02963 0.06535 0.06409 0.07014 0.00463 ...
Subjects:
  1   2   3   4   5   6   7   8   9  10  11  12  13  14  15 
148 148 147 148 148 148 148 148 148 148 148 148 148 148 148 
ROIs:
       lh_G_and_S_cingul-Ant    lh_G_and_S_cingul-Mid-Ant 
                          15                           15 
  lh_G_and_S_cingul-Mid-Post      lh_G_and_S_frontomargin 
                          15                           15 
    lh_G_and_S_occipital_inf       lh_G_and_S_paracentral 
                          15                           15 
       lh_G_and_S_subcentral  lh_G_and_S_transv_frontopol 
                          15                           15 
     lh_G_cingul-Post-dorsal     lh_G_cingul-Post-ventral 
                          15                           15 
                 lh_G_cuneus     lh_G_front_inf-Opercular 
                          15                           15 
      lh_G_front_inf-Orbital      lh_G_front_inf-Triangul 
                          15                           15 
           lh_G_front_middle               lh_G_front_sup 
                          15                           15 
  lh_G_Ins_lg_and_S_cent_ins           lh_G_insular_short 
                          15                           15 
    lh_G_oc-temp_lat-fusifor     lh_G_oc-temp_med-Lingual 
                          15                           15 
    lh_G_oc-temp_med-Parahip        lh_G_occipital_middle 
                          15                           15 
          lh_G_occipital_sup                 lh_G_orbital 
                          15                           15 
     lh_G_pariet_inf-Angular     lh_G_pariet_inf-Supramar 
                          15                           15 
           lh_G_parietal_sup             lh_G_postcentral 
                          15                           15 
             lh_G_precentral               lh_G_precuneus 
                          15                           15 
                 lh_G_rectus             lh_G_subcallosal 
                          15                           15 
    lh_G_temp_sup-G_T_transv        lh_G_temp_sup-Lateral 
                          15                           15 
    lh_G_temp_sup-Plan_polar     lh_G_temp_sup-Plan_tempo 
                          15                           15 
           lh_G_temporal_inf         lh_G_temporal_middle 
                          15                           15 
     lh_Lat_Fis-ant-Horizont      lh_Lat_Fis-ant-Vertical 
                          15                           15 
             lh_Lat_Fis-post            lh_Pole_occipital 
                          15                           15 
            lh_Pole_temporal               lh_S_calcarine 
                          15                           15 
                lh_S_central       lh_S_cingul-Marginalis 
                          15                           15 
    lh_S_circular_insula_ant     lh_S_circular_insula_inf 
                          15                           15 
    lh_S_circular_insula_sup       lh_S_collat_transv_ant 
                          15                           15 
     lh_S_collat_transv_post               lh_S_front_inf 
                          15                           15 
           lh_S_front_middle               lh_S_front_sup 
                          15                           15 
     lh_S_interm_prim-Jensen lh_S_intrapariet_and_P_trans 
                          15                           15 
  lh_S_oc_middle_and_Lunatus  lh_S_oc_sup_and_transversal 
                          15                           15 
            lh_S_oc-temp_lat lh_S_oc-temp_med_and_Lingual 
                          15                           15 
          lh_S_occipital_ant         lh_S_orbital_lateral 
                          15                           15 
     lh_S_orbital_med-olfact        lh_S_orbital-H_Shaped 
                          15                           15 
      lh_S_parieto_occipital            lh_S_pericallosal 
                          15                           15 
            lh_S_postcentral     lh_S_precentral-inf-part 
                          15                           15 
    lh_S_precentral-sup-part              lh_S_suborbital 
                          15                           15 
            lh_S_subparietal            lh_S_temporal_inf 
                          15                           15 
           lh_S_temporal_sup     lh_S_temporal_transverse 
                          15                           15 
       rh_G_and_S_cingul-Ant    rh_G_and_S_cingul-Mid-Ant 
                          15                           15 
  rh_G_and_S_cingul-Mid-Post      rh_G_and_S_frontomargin 
                          15                           15 
    rh_G_and_S_occipital_inf       rh_G_and_S_paracentral 
                          15                           15 
       rh_G_and_S_subcentral  rh_G_and_S_transv_frontopol 
                          15                           15 
     rh_G_cingul-Post-dorsal     rh_G_cingul-Post-ventral 
                          15                           15 
                 rh_G_cuneus     rh_G_front_inf-Opercular 
                          15                           15 
      rh_G_front_inf-Orbital      rh_G_front_inf-Triangul 
                          15                           15 
           rh_G_front_middle               rh_G_front_sup 
                          15                           15 
  rh_G_Ins_lg_and_S_cent_ins           rh_G_insular_short 
                          15                           15 
    rh_G_oc-temp_lat-fusifor     rh_G_oc-temp_med-Lingual 
                          15                           15 
    rh_G_oc-temp_med-Parahip        rh_G_occipital_middle 
                          15                           15 
          rh_G_occipital_sup                 rh_G_orbital 
                          15                           15 
     rh_G_pariet_inf-Angular                      (Other) 
                          15                          734 


10/08/25 19:30:57.672
   user  system elapsed 
317.865   2.424 100.763 

***** Summary information of model results *****

 Family: gaussian 
  Links: mu = identity 
Formula: Y ~ 1 + (1 | Subj) + (1 | ROI) 
   Data: lop$dataTable (Number of observations: 2219) 
  Draws: 4 chains, each with iter = 5000; warmup = 2500; thin = 1;
         total post-warmup draws = 10000

Multilevel Hyperparameters:
~ROI (Number of levels: 148) 
              Estimate Est.Error l-95% CI u-95% CI Rhat Bulk_ESS Tail_ESS
sd(Intercept)     0.01      0.00     0.00     0.01 1.00     3045     2965

~Subj (Number of levels: 15) 
              Estimate Est.Error l-95% CI u-95% CI Rhat Bulk_ESS Tail_ESS
sd(Intercept)     0.03      0.01     0.02     0.05 1.00     2021     3489

Regression Coefficients:
          Estimate Est.Error l-95% CI u-95% CI Rhat Bulk_ESS Tail_ESS
Intercept    -0.00      0.01    -0.02     0.02 1.00      937     1794

Further Distributional Parameters:
      Estimate Est.Error l-95% CI u-95% CI Rhat Bulk_ESS Tail_ESS
sigma     0.04      0.00     0.04     0.04 1.00    10176     7353

Draws were sampled using sampling(NUTS). For each parameter, Bulk_ESS
and Tail_ESS are effective sample size measures, and Rhat is the potential
scale reduction factor on split chains (at convergence, Rhat = 1).


===== Summary of region effects for Intercept (RBA results) =====
                                    mean         SD     P+        2.5%          5%         50%        95%      97.5%
lh_G_and_S_cingul-Ant         0.00117670 0.00968541 0.5495 -0.01771407 -0.01490595  0.00116262 0.01685375 0.02039330
lh_G_and_S_cingul-Mid-Ant     0.00426835 0.00969724 0.6706 -0.01436810 -0.01141236  0.00402197 0.02028047 0.02370268
lh_G_and_S_cingul-Mid-Post    0.00239013 0.00962962 0.6006 -0.01647292 -0.01307360  0.00238580 0.01833863 0.02195977
lh_G_and_S_frontomargin       0.00241336 0.00970847 0.5966 -0.01649395 -0.01335057  0.00238623 0.01827351 0.02224000
lh_G_and_S_occipital_inf     -0.00127671 0.00974667 0.4415 -0.02023970 -0.01721563 -0.00131212 0.01461221 0.01790340
lh_G_and_S_paracentral        0.00502727 0.00971691 0.7044 -0.01386692 -0.01082339  0.00494388 0.02132491 0.02444987
lh_G_and_S_subcentral         0.00135556 0.00961784 0.5603 -0.01734557 -0.01431186  0.00147824 0.01690512 0.02048271
lh_G_and_S_transv_frontopol   0.00362323 0.00977944 0.6431 -0.01537359 -0.01210959  0.00364526 0.01967674 0.02312307
lh_G_cingul-Post-dorsal      -0.00114680 0.00964845 0.4497 -0.02002681 -0.01675214 -0.00123692 0.01477400 0.01781901
lh_G_cingul-Post-ventral     -0.00592639 0.00977378 0.2734 -0.02542539 -0.02212624 -0.00598092 0.00998438 0.01323065
lh_G_cuneus                  -0.00202467 0.00971755 0.4166 -0.02091331 -0.01784932 -0.00200625 0.01377687 0.01698634
lh_G_front_inf-Opercular     -0.00162898 0.00958605 0.4297 -0.02071645 -0.01733932 -0.00164217 0.01408123 0.01759350
lh_G_front_inf-Orbital       -0.00000645 0.00970689 0.5020 -0.01920044 -0.01604638  0.00006251 0.01587208 0.01929445
lh_G_front_inf-Triangul      -0.00219517 0.00977581 0.4059 -0.02184917 -0.01830229 -0.00212573 0.01386562 0.01697005
lh_G_front_middle             0.00041634 0.00977147 0.5168 -0.01882711 -0.01542159  0.00040800 0.01626744 0.01957192
lh_G_front_sup               -0.00065994 0.00970513 0.4688 -0.01949274 -0.01645480 -0.00074968 0.01522688 0.01889066
lh_G_Ins_lg_and_S_cent_ins   -0.00271228 0.00974859 0.3917 -0.02212830 -0.01869345 -0.00265492 0.01302968 0.01650731
lh_G_insular_short            0.00169159 0.00973654 0.5658 -0.01716293 -0.01412674  0.00155414 0.01770735 0.02092246
lh_G_oc-temp_lat-fusifor     -0.00080537 0.00961552 0.4594 -0.01963267 -0.01649967 -0.00091926 0.01498393 0.01841178
lh_G_oc-temp_med-Lingual     -0.00030912 0.00969468 0.4864 -0.01915287 -0.01582283 -0.00031711 0.01551710 0.01901618
lh_G_oc-temp_med-Parahip     -0.00362097 0.00965806 0.3494 -0.02235978 -0.01944105 -0.00364079 0.01240792 0.01548973
lh_G_occipital_middle        -0.00163051 0.00968600 0.4361 -0.02092561 -0.01792415 -0.00157184 0.01395183 0.01710168
lh_G_occipital_sup           -0.00137618 0.00963895 0.4481 -0.02050165 -0.01747884 -0.00133053 0.01413539 0.01749408
lh_G_orbital                  0.00158515 0.00965686 0.5625 -0.01722147 -0.01417803  0.00155746 0.01736819 0.02076082
lh_G_pariet_inf-Angular      -0.00550015 0.00987530 0.2882 -0.02507419 -0.02166721 -0.00544528 0.01040170 0.01393023
lh_G_pariet_inf-Supramar     -0.00023872 0.00972811 0.4901 -0.01953614 -0.01638319 -0.00027936 0.01559438 0.01897649
lh_G_parietal_sup            -0.00144379 0.00965635 0.4313 -0.02011995 -0.01712035 -0.00157451 0.01435456 0.01773314
lh_G_postcentral             -0.00035055 0.00962256 0.4892 -0.01921560 -0.01602966 -0.00023582 0.01532198 0.01865798
lh_G_precentral              -0.00008486 0.00964837 0.4946 -0.01909478 -0.01561048 -0.00013056 0.01575542 0.01889733
lh_G_precuneus               -0.00331192 0.00968339 0.3636 -0.02266702 -0.01933624 -0.00328950 0.01258501 0.01550237
lh_G_rectus                  -0.00510792 0.00984862 0.3029 -0.02454539 -0.02103722 -0.00510895 0.01103946 0.01433895
lh_G_subcallosal             -0.01175145 0.01019852 0.1218 -0.03195876 -0.02857349 -0.01166430 0.00467881 0.00804351
lh_G_temp_sup-G_T_transv      0.00358843 0.00978495 0.6465 -0.01578423 -0.01253972  0.00356386 0.01978935 0.02323172
lh_G_temp_sup-Lateral        -0.00278049 0.00966526 0.3865 -0.02150552 -0.01874699 -0.00290432 0.01323046 0.01601801
lh_G_temp_sup-Plan_polar     -0.00418953 0.00972480 0.3338 -0.02325939 -0.02010137 -0.00406809 0.01154986 0.01487188
lh_G_temp_sup-Plan_tempo     -0.00142975 0.00961651 0.4398 -0.02070879 -0.01708620 -0.00140933 0.01427549 0.01735299
lh_G_temporal_inf             0.00311185 0.00980830 0.6246 -0.01572526 -0.01287689  0.00303252 0.01926653 0.02271831
lh_G_temporal_middle         -0.00108806 0.00975956 0.4549 -0.02026573 -0.01714715 -0.00109772 0.01521145 0.01837765
lh_Lat_Fis-ant-Horizont      -0.00287847 0.00966926 0.3771 -0.02221393 -0.01881760 -0.00288811 0.01271620 0.01642055
lh_Lat_Fis-ant-Vertical       0.00008302 0.00966001 0.5027 -0.01887910 -0.01555414  0.00006956 0.01604276 0.01950181
lh_Lat_Fis-post              -0.00545325 0.00978560 0.2813 -0.02498170 -0.02160855 -0.00527993 0.01032841 0.01369788
lh_Pole_occipital            -0.00086934 0.00969027 0.4622 -0.01990582 -0.01666668 -0.00088844 0.01486915 0.01813811
lh_Pole_temporal             -0.00435829 0.00973137 0.3190 -0.02403021 -0.02038367 -0.00418124 0.01154118 0.01491925
lh_S_calcarine               -0.00142200 0.00958356 0.4361 -0.02019740 -0.01694225 -0.00144609 0.01428804 0.01753462
lh_S_central                  0.00537342 0.00985027 0.7088 -0.01390757 -0.01043326  0.00528117 0.02163403 0.02515210
lh_S_cingul-Marginalis        0.00197228 0.00968759 0.5788 -0.01672039 -0.01364028  0.00184712 0.01807561 0.02163288
lh_S_circular_insula_ant     -0.00037655 0.00977803 0.4854 -0.01943881 -0.01634201 -0.00030956 0.01538427 0.01895335
lh_S_circular_insula_inf     -0.00093647 0.00969194 0.4591 -0.01997136 -0.01667262 -0.00101755 0.01498609 0.01838684
lh_S_circular_insula_sup      0.00259654 0.00955273 0.6038 -0.01616032 -0.01300251  0.00254223 0.01823187 0.02147365
lh_S_collat_transv_ant       -0.00130419 0.00961850 0.4388 -0.01970166 -0.01691499 -0.00143891 0.01474581 0.01799209
lh_S_collat_transv_post      -0.00486449 0.00986860 0.3057 -0.02422359 -0.02107567 -0.00487632 0.01133263 0.01462288
lh_S_front_inf                0.00474694 0.00964061 0.6921 -0.01382431 -0.01097484  0.00461705 0.02044590 0.02402556
lh_S_front_middle            -0.00011631 0.00964580 0.4864 -0.01897486 -0.01588175 -0.00031575 0.01582008 0.01914439
lh_S_front_sup               -0.00033864 0.00975250 0.4888 -0.01912511 -0.01626012 -0.00025948 0.01551698 0.01904096
lh_S_interm_prim-Jensen      -0.00687073 0.00983873 0.2352 -0.02645870 -0.02281897 -0.00691334 0.00924666 0.01234609
lh_S_intrapariet_and_P_trans -0.00192467 0.00966183 0.4130 -0.02129105 -0.01760070 -0.00204654 0.01403982 0.01744630
lh_S_oc_middle_and_Lunatus   -0.00197614 0.00970366 0.4126 -0.02127887 -0.01787519 -0.00205603 0.01368449 0.01688716
lh_S_oc_sup_and_transversal   0.00069931 0.00966374 0.5283 -0.01827194 -0.01518191  0.00067890 0.01640533 0.01979206
lh_S_oc-temp_lat             -0.00154755 0.00972407 0.4381 -0.02040166 -0.01754551 -0.00151993 0.01404902 0.01751754
lh_S_oc-temp_med_and_Lingual  0.00037105 0.00975261 0.5130 -0.01870433 -0.01560768  0.00030875 0.01640206 0.01943568
lh_S_occipital_ant           -0.00557359 0.00982328 0.2834 -0.02515028 -0.02172338 -0.00544879 0.01015022 0.01354174
lh_S_orbital_lateral         -0.00721578 0.00990873 0.2260 -0.02706943 -0.02354748 -0.00720015 0.00896004 0.01243383
lh_S_orbital_med-olfact       0.00167460 0.00965953 0.5636 -0.01716996 -0.01401353  0.00156461 0.01739355 0.02096247
lh_S_orbital-H_Shaped         0.00419724 0.00972257 0.6671 -0.01453290 -0.01171666  0.00403097 0.02002132 0.02323001
lh_S_parieto_occipital       -0.00218960 0.00979020 0.4100 -0.02129969 -0.01814202 -0.00213083 0.01380793 0.01705858
lh_S_pericallosal             0.00051381 0.00980658 0.5183 -0.01837640 -0.01519004  0.00045026 0.01667454 0.02004827
lh_S_postcentral              0.00356103 0.00970273 0.6458 -0.01561069 -0.01239195  0.00352449 0.01938193 0.02310385
lh_S_precentral-inf-part      0.00111358 0.00974709 0.5450 -0.01800445 -0.01492356  0.00105970 0.01736581 0.02042842
lh_S_precentral-sup-part      0.00786081 0.00985906 0.7922 -0.01123680 -0.00821369  0.00774124 0.02404379 0.02773636
lh_S_suborbital              -0.00100310 0.00975226 0.4559 -0.01982064 -0.01672224 -0.00105520 0.01502003 0.01850588
lh_S_subparietal              0.00130518 0.00971833 0.5516 -0.01777737 -0.01450211  0.00124121 0.01739404 0.02042754
lh_S_temporal_inf            -0.00542942 0.00983680 0.2905 -0.02486675 -0.02155674 -0.00548967 0.01076972 0.01367524
lh_S_temporal_sup            -0.00377525 0.00978951 0.3452 -0.02272212 -0.01973885 -0.00376180 0.01212641 0.01567717
lh_S_temporal_transverse     -0.00138075 0.00965730 0.4402 -0.02050377 -0.01709252 -0.00150386 0.01465902 0.01827200
rh_G_and_S_cingul-Ant        -0.00049394 0.00967525 0.4809 -0.01925913 -0.01635399 -0.00041483 0.01548549 0.01888922
rh_G_and_S_cingul-Mid-Ant    -0.00318415 0.00970639 0.3689 -0.02242236 -0.01932946 -0.00313095 0.01251929 0.01610103
rh_G_and_S_cingul-Mid-Post   -0.00211836 0.00968178 0.4099 -0.02133123 -0.01808127 -0.00205972 0.01364471 0.01686944
rh_G_and_S_frontomargin       0.00018550 0.00968196 0.5086 -0.01856739 -0.01543690  0.00018154 0.01609277 0.01963520
rh_G_and_S_occipital_inf     -0.00347939 0.00971712 0.3593 -0.02264140 -0.01946743 -0.00355726 0.01234241 0.01525769
rh_G_and_S_paracentral        0.00056901 0.00966165 0.5279 -0.01824790 -0.01522201  0.00061164 0.01634374 0.01955155
rh_G_and_S_subcentral         0.00559908 0.00984357 0.7184 -0.01317040 -0.01037463  0.00547448 0.02186419 0.02551082
rh_G_and_S_transv_frontopol  -0.00009171 0.00968201 0.4929 -0.01896874 -0.01587244 -0.00015721 0.01584783 0.01948323
rh_G_cingul-Post-dorsal       0.00151671 0.00970168 0.5656 -0.01754485 -0.01453983  0.00149749 0.01762611 0.02086842
rh_G_cingul-Post-ventral      0.00167660 0.00973622 0.5680 -0.01749517 -0.01412271  0.00168597 0.01758385 0.02047910
rh_G_cuneus                  -0.01049583 0.01012423 0.1465 -0.03078363 -0.02727897 -0.01038864 0.00600953 0.00922084
rh_G_front_inf-Opercular     -0.00349652 0.00962233 0.3536 -0.02224527 -0.01921108 -0.00361917 0.01214061 0.01528398
rh_G_front_inf-Orbital        0.00013564 0.00964142 0.5070 -0.01888314 -0.01562634  0.00019394 0.01605090 0.01929234
rh_G_front_inf-Triangul       0.00020066 0.00974198 0.5072 -0.01889677 -0.01580400  0.00017213 0.01591006 0.01914419
rh_G_front_middle             0.00563652 0.00989057 0.7206 -0.01371837 -0.01051575  0.00552828 0.02195800 0.02573312
rh_G_front_sup               -0.00447411 0.00973548 0.3175 -0.02350803 -0.02034679 -0.00440512 0.01138431 0.01462129
rh_G_Ins_lg_and_S_cent_ins   -0.00387728 0.00969020 0.3448 -0.02290239 -0.01942661 -0.00395640 0.01189993 0.01506586
rh_G_insular_short           -0.00569171 0.00980452 0.2795 -0.02513799 -0.02185076 -0.00572228 0.01016561 0.01338708
rh_G_oc-temp_lat-fusifor      0.00041443 0.00975465 0.5233 -0.01918951 -0.01576024  0.00054592 0.01623354 0.01974360
rh_G_oc-temp_med-Lingual     -0.00157546 0.00967670 0.4362 -0.02027058 -0.01737038 -0.00151251 0.01421888 0.01743884
rh_G_oc-temp_med-Parahip     -0.00355681 0.00978763 0.3580 -0.02311715 -0.01965003 -0.00338741 0.01235424 0.01555852
rh_G_occipital_middle         0.00122479 0.00968409 0.5552 -0.01769615 -0.01453665  0.00120439 0.01732727 0.02083381
rh_G_occipital_sup           -0.00676177 0.00986543 0.2430 -0.02623836 -0.02282202 -0.00670730 0.00948546 0.01245878
rh_G_orbital                 -0.00039393 0.00972888 0.4819 -0.01936352 -0.01609412 -0.00043395 0.01568338 0.01896308
rh_G_pariet_inf-Angular      -0.00127505 0.00964254 0.4424 -0.02009067 -0.01702989 -0.00135730 0.01453736 0.01783835
rh_G_pariet_inf-Supramar     -0.00531368 0.00976461 0.2868 -0.02459276 -0.02131369 -0.00528426 0.01078235 0.01368656
rh_G_parietal_sup             0.00402575 0.00975367 0.6577 -0.01530447 -0.01202831  0.00399027 0.02005931 0.02350574
rh_G_postcentral              0.00809234 0.00987792 0.7995 -0.01130675 -0.00800663  0.00807395 0.02432912 0.02791035
rh_G_precentral               0.00490636 0.00981716 0.6920 -0.01423052 -0.01098088  0.00487095 0.02110818 0.02443987
rh_G_precuneus               -0.00085728 0.00969138 0.4613 -0.02003629 -0.01647306 -0.00088382 0.01511924 0.01860143
rh_G_rectus                   0.00655371 0.00986663 0.7513 -0.01240640 -0.00927082  0.00630679 0.02337186 0.02697182
rh_G_subcallosal             -0.00687559 0.00998631 0.2363 -0.02621022 -0.02302057 -0.00681151 0.00944534 0.01330730
rh_G_temp_sup-G_T_transv      0.01204679 0.01016356 0.8892 -0.00796026 -0.00430985  0.01199199 0.02893389 0.03215683
rh_G_temp_sup-Lateral        -0.00255983 0.00970669 0.3907 -0.02170901 -0.01844769 -0.00257819 0.01350313 0.01686872
rh_G_temp_sup-Plan_polar      0.00364235 0.00972836 0.6517 -0.01486714 -0.01194002  0.00356860 0.01945535 0.02301390
rh_G_temp_sup-Plan_tempo      0.00058628 0.00964204 0.5258 -0.01856205 -0.01503587  0.00063578 0.01646391 0.01971373
rh_G_temporal_inf             0.00236745 0.00964527 0.5978 -0.01602058 -0.01342735  0.00234314 0.01835125 0.02127778
rh_G_temporal_middle         -0.00018593 0.00974492 0.4955 -0.01932099 -0.01631003 -0.00008715 0.01581807 0.01866774
rh_Lat_Fis-ant-Horizont      -0.00014592 0.00970139 0.4944 -0.01919911 -0.01616905 -0.00014339 0.01554783 0.01881931
rh_Lat_Fis-ant-Vertical       0.00106669 0.00969292 0.5468 -0.01795808 -0.01481346  0.00113106 0.01683011 0.02031901
rh_Lat_Fis-post              -0.00201501 0.00972770 0.4134 -0.02164463 -0.01811006 -0.00205450 0.01365117 0.01756273
rh_Pole_occipital             0.00533216 0.00979318 0.7081 -0.01335170 -0.01055998  0.00522960 0.02154063 0.02504531
rh_Pole_temporal             -0.01285853 0.01033524 0.1038 -0.03340292 -0.02989414 -0.01275386 0.00399728 0.00706744
rh_S_calcarine               -0.00131512 0.00968823 0.4408 -0.01991259 -0.01705578 -0.00140410 0.01449411 0.01803905
rh_S_central                  0.00248780 0.00969553 0.6024 -0.01679009 -0.01338616  0.00254228 0.01851882 0.02172606
rh_S_cingul-Marginalis       -0.00075999 0.00978079 0.4709 -0.02000896 -0.01676107 -0.00069688 0.01509793 0.01844554
rh_S_circular_insula_ant      0.00196240 0.00971676 0.5802 -0.01698416 -0.01369921  0.00193708 0.01776615 0.02099250
rh_S_circular_insula_inf      0.01149805 0.01020203 0.8727 -0.00861568 -0.00499531  0.01148474 0.02823342 0.03200796
rh_S_circular_insula_sup      0.00287480 0.00968504 0.6171 -0.01604474 -0.01291570  0.00287774 0.01859079 0.02200621
rh_S_collat_transv_ant        0.00222725 0.00971874 0.5927 -0.01655097 -0.01388406  0.00221495 0.01821660 0.02174128
rh_S_collat_transv_post       0.00027767 0.00958431 0.5150 -0.01823139 -0.01506001  0.00031029 0.01598047 0.01967707
rh_S_front_inf                0.00391672 0.00976289 0.6549 -0.01492242 -0.01176196  0.00389307 0.02002287 0.02343067
rh_S_front_middle             0.00479404 0.00976368 0.6897 -0.01425437 -0.01110285  0.00488702 0.02091853 0.02440303
rh_S_front_sup                0.00138675 0.00972567 0.5537 -0.01745004 -0.01450863  0.00124647 0.01743710 0.02072054
rh_S_interm_prim-Jensen       0.00100331 0.00973754 0.5395 -0.01788195 -0.01481822  0.00088864 0.01698532 0.02001202
rh_S_intrapariet_and_P_trans  0.00186526 0.00967304 0.5780 -0.01699938 -0.01401898  0.00177308 0.01752956 0.02100096
rh_S_oc_middle_and_Lunatus    0.00301448 0.00968832 0.6264 -0.01598782 -0.01270802  0.00294844 0.01906336 0.02238280
rh_S_oc_sup_and_transversal   0.00322517 0.00970675 0.6337 -0.01591890 -0.01268832  0.00322512 0.01905561 0.02280089
rh_S_oc-temp_lat             -0.00197982 0.00966400 0.4204 -0.02149611 -0.01787286 -0.00186594 0.01362639 0.01713084
rh_S_oc-temp_med_and_Lingual  0.00016209 0.00963694 0.5057 -0.01877987 -0.01549832  0.00018282 0.01584866 0.01919569
rh_S_occipital_ant           -0.00277554 0.00979494 0.3849 -0.02203639 -0.01901325 -0.00271377 0.01298537 0.01643058
rh_S_orbital_lateral          0.00002454 0.00969901 0.5040 -0.01881984 -0.01591043  0.00007770 0.01560882 0.01930402
rh_S_orbital_med-olfact       0.00460927 0.00980584 0.6850 -0.01463911 -0.01142024  0.00447645 0.02092243 0.02419135
rh_S_orbital-H_Shaped        -0.00060491 0.00965370 0.4704 -0.01964048 -0.01633145 -0.00071486 0.01532675 0.01847971
rh_S_parieto_occipital       -0.00982864 0.01000246 0.1573 -0.02988777 -0.02636935 -0.00970675 0.00644734 0.00953710
rh_S_pericallosal            -0.00278696 0.00971389 0.3921 -0.02190899 -0.01885664 -0.00268857 0.01293835 0.01639186
rh_S_postcentral             -0.00652828 0.00980339 0.2506 -0.02595065 -0.02271730 -0.00649133 0.00915485 0.01291473
rh_S_precentral-inf-part      0.00106129 0.00961680 0.5483 -0.01759111 -0.01485298  0.00111998 0.01674714 0.01994159
rh_S_precentral-sup-part      0.00234357 0.00968088 0.5920 -0.01674843 -0.01328128  0.00220925 0.01824206 0.02161153
rh_S_suborbital              -0.00262868 0.00979149 0.3940 -0.02205908 -0.01869023 -0.00268371 0.01344139 0.01659870
rh_S_subparietal             -0.00218859 0.00965713 0.4107 -0.02144281 -0.01814758 -0.00203185 0.01330250 0.01685308
rh_S_temporal_inf             0.00169081 0.00963797 0.5737 -0.01699344 -0.01380243  0.00173370 0.01718774 0.02056288
rh_S_temporal_sup             0.00325315 0.00964633 0.6330 -0.01581483 -0.01240274  0.00322000 0.01913506 0.02244768
rh_S_temporal_transverse      0.00504291 0.00975270 0.6968 -0.01399843 -0.01089123  0.00510191 0.02061125 0.02441742


===== Summary of region effects under GLM for Intercept (for reference only): no adjustment for multiplicity =====
                                    mean         SD  2-sided-p        2.5%          5%         50%         95%       97.5%
lh_G_and_S_cingul-Ant         0.00434087 0.01680738 0.79995524 -0.03170737 -0.02526213  0.00434087  0.03394388  0.04038911
lh_G_and_S_cingul-Mid-Ant     0.01398096 0.01212424 0.26816088 -0.01202294 -0.00737358  0.01398096  0.03533550  0.03998486
lh_G_and_S_cingul-Mid-Post    0.00823415 0.00877460 0.36394333 -0.01058549 -0.00722064  0.00823415  0.02368895  0.02705380
lh_G_and_S_frontomargin       0.00803226 0.00756498 0.30631403 -0.00819300 -0.00529201  0.00803226  0.02135653  0.02425752
lh_G_and_S_occipital_inf     -0.00343352 0.00809602 0.67793757 -0.02079775 -0.01769311 -0.00343352  0.01082608  0.01393071
lh_G_and_S_paracentral        0.01677734 0.01260265 0.20437776 -0.01025265 -0.00541983  0.01677734  0.03897451  0.04380733
lh_G_and_S_subcentral         0.00481452 0.01640372 0.77344441 -0.03036795 -0.02407751  0.00481452  0.03370656  0.03999700
lh_G_and_S_transv_frontopol   0.01181562 0.01253195 0.36174985 -0.01506274 -0.01025703  0.01181562  0.03388827  0.03869398
lh_G_cingul-Post-dorsal      -0.00315544 0.01184537 0.79382501 -0.02856122 -0.02401880 -0.00315544  0.01770792  0.02225034
lh_G_cingul-Post-ventral     -0.01835690 0.01007663 0.08992637 -0.03996912 -0.03610497 -0.01835690 -0.00060883  0.00325532
lh_G_cuneus                  -0.00602387 0.01250283 0.63739214 -0.03283977 -0.02804523 -0.00602387  0.01599748  0.02079203
lh_G_front_inf-Opercular     -0.00470339 0.00934959 0.62274429 -0.02475627 -0.02117092 -0.00470339  0.01176413  0.01534948
lh_G_front_inf-Orbital        0.00044758 0.00817553 0.95711439 -0.01708719 -0.01395207  0.00044758  0.01484722  0.01798235
lh_G_front_inf-Triangul      -0.00642805 0.01576275 0.68958851 -0.04023578 -0.03419114 -0.00642805  0.02133505  0.02737969
lh_G_front_middle             0.00168455 0.01146207 0.88525289 -0.02289913 -0.01850370  0.00168455  0.02187281  0.02626824
lh_G_front_sup               -0.00177335 0.01250294 0.88923139 -0.02858949 -0.02379491 -0.00177335  0.02024821  0.02504279
lh_G_Ins_lg_and_S_cent_ins   -0.00816003 0.00943341 0.40161041 -0.02839268 -0.02477519 -0.00816003  0.00845512  0.01207261
lh_G_insular_short            0.00595066 0.01017268 0.56788025 -0.01586757 -0.01196659  0.00595066  0.02386791  0.02776890
lh_G_oc-temp_lat-fusifor     -0.00205099 0.00706048 0.77570126 -0.01719422 -0.01448669 -0.00205099  0.01038471  0.01309224
lh_G_oc-temp_med-Lingual     -0.00060691 0.01378320 0.96550013 -0.03016894 -0.02488340 -0.00060691  0.02366958  0.02895511
lh_G_oc-temp_med-Parahip     -0.01092463 0.01362732 0.43613933 -0.04015232 -0.03492656 -0.01092463  0.01307730  0.01830306
lh_G_occipital_middle        -0.00480919 0.00631326 0.45884469 -0.01834979 -0.01592880 -0.00480919  0.00631043  0.00873141
lh_G_occipital_sup           -0.00414234 0.01346323 0.76285696 -0.03301809 -0.02785526 -0.00414234  0.01957058  0.02473341
lh_G_orbital                  0.00561816 0.01579957 0.72744871 -0.02826854 -0.02220978  0.00561816  0.03344610  0.03950486
lh_G_pariet_inf-Angular      -0.01714957 0.00728459 0.03369099 -0.03277347 -0.02998000 -0.01714957 -0.00431914 -0.00152567
lh_G_pariet_inf-Supramar     -0.00028028 0.01431384 0.98465367 -0.03098041 -0.02549139 -0.00028028  0.02493082  0.03041984
lh_G_parietal_sup            -0.00439647 0.01138339 0.70514113 -0.02881140 -0.02444614 -0.00439647  0.01565320  0.02001846
lh_G_postcentral             -0.00070821 0.01957967 0.97165689 -0.04270243 -0.03519408 -0.00070821  0.03377766  0.04128600
lh_G_precentral               0.00011910 0.01170479 0.99202488 -0.02498518 -0.02049666  0.00011910  0.02073487  0.02522338
lh_G_precuneus               -0.01008724 0.01071922 0.36263827 -0.03307769 -0.02896712 -0.01008724  0.00879263  0.01290320
lh_G_rectus                  -0.01570801 0.01649265 0.35703684 -0.05108124 -0.04475669 -0.01570801  0.01334066  0.01966521
lh_G_subcallosal             -0.03680272 0.00976147 0.00206909 -0.05773899 -0.05399570 -0.03680272 -0.01960974 -0.01586644
lh_G_temp_sup-G_T_transv      0.01219687 0.01412464 0.40240512 -0.01809748 -0.01268101  0.01219687  0.03707475  0.04249122
lh_G_temp_sup-Lateral        -0.00803448 0.01381911 0.57021151 -0.03767353 -0.03237422 -0.00803448  0.01630526  0.02160456
lh_G_temp_sup-Plan_polar     -0.01272078 0.01707829 0.46868196 -0.04935008 -0.04280095 -0.01272078  0.01735938  0.02390851
lh_G_temp_sup-Plan_tempo     -0.00425281 0.01151981 0.71752214 -0.02896033 -0.02454276 -0.00425281  0.01603715  0.02045472
lh_G_temporal_inf             0.01044317 0.01113228 0.36409691 -0.01343319 -0.00916422  0.01044317  0.03005056  0.03431953
lh_G_temporal_middle         -0.00332516 0.00924886 0.72457026 -0.02316199 -0.01961527 -0.00332516  0.01296495  0.01651167
lh_Lat_Fis-ant-Horizont      -0.00814498 0.01216765 0.51413147 -0.03424199 -0.02957598 -0.00814498  0.01328602  0.01795203
lh_Lat_Fis-ant-Vertical       0.00074903 0.01232550 0.95240064 -0.02568653 -0.02095999  0.00074903  0.02245806  0.02718460
lh_Lat_Fis-post              -0.01654528 0.01078566 0.14731230 -0.03967822 -0.03554217 -0.01654528  0.00245161  0.00658766
lh_Pole_occipital            -0.00212632 0.00707502 0.76818276 -0.01730073 -0.01458762 -0.00212632  0.01033498  0.01304809
lh_Pole_temporal             -0.01324734 0.01021372 0.21559517 -0.03515359 -0.03123687 -0.01324734  0.00474220  0.00865892
lh_S_calcarine               -0.00414153 0.01270142 0.74919555 -0.03138337 -0.02651267 -0.00414153  0.01822961  0.02310031
lh_S_central                  0.01745554 0.01343673 0.21490073 -0.01136338 -0.00621071  0.01745554  0.04112179  0.04627447
lh_S_cingul-Marginalis        0.00656697 0.01087750 0.55568574 -0.01676295 -0.01259168  0.00656697  0.02572563  0.02989690
lh_S_circular_insula_ant     -0.00068129 0.00828883 0.93565627 -0.01845906 -0.01528049 -0.00068129  0.01391791  0.01709649
lh_S_circular_insula_inf     -0.00243094 0.01041313 0.81879097 -0.02476488 -0.02077169 -0.00243094  0.01590980  0.01990299
lh_S_circular_insula_sup      0.00897192 0.01006769 0.38790288 -0.01262113 -0.00876041  0.00897192  0.02670424  0.03056497
lh_S_collat_transv_ant       -0.00384169 0.01025453 0.71354699 -0.02583547 -0.02190310 -0.00384169  0.01421972  0.01815209
lh_S_collat_transv_post      -0.01483415 0.01280451 0.26603682 -0.04229709 -0.03738686 -0.01483415  0.00771856  0.01262879
lh_S_front_inf                0.01564197 0.01045723 0.15690393 -0.00678656 -0.00277646  0.01564197  0.03406039  0.03807049
lh_S_front_middle             0.00012298 0.00654831 0.98528158 -0.01392176 -0.01141064  0.00012298  0.01165659  0.01416772
lh_S_front_sup               -0.00078095 0.00796051 0.92324132 -0.01785455 -0.01480188 -0.00078095  0.01323998  0.01629265
lh_S_interm_prim-Jensen      -0.02140001 0.01369093 0.14035065 -0.05076414 -0.04551399 -0.02140001  0.00271397  0.00796412
lh_S_intrapariet_and_P_trans -0.00579085 0.01088950 0.60321336 -0.02914650 -0.02497063 -0.00579085  0.01338894  0.01756481
lh_S_oc_middle_and_Lunatus   -0.00576415 0.01503948 0.70727790 -0.03802064 -0.03225335 -0.00576415  0.02072504  0.02649233
lh_S_oc_sup_and_transversal   0.00264212 0.00952752 0.78559122 -0.01779238 -0.01413880  0.00264212  0.01942304  0.02307663
lh_S_oc-temp_lat             -0.00459973 0.00920038 0.62487599 -0.02433258 -0.02080445 -0.00459973  0.01160499  0.01513312
lh_S_oc-temp_med_and_Lingual  0.00124530 0.00907792 0.89284300 -0.01822491 -0.01474374  0.00124530  0.01723433  0.02071550
lh_S_occipital_ant           -0.01753880 0.01067233 0.12256329 -0.04042867 -0.03633608 -0.01753880  0.00125848  0.00535107
lh_S_orbital_lateral         -0.02246395 0.00918509 0.02827697 -0.04216401 -0.03864174 -0.02246395 -0.00628615 -0.00276388
lh_S_orbital_med-olfact       0.00564355 0.01328604 0.67745807 -0.02285217 -0.01775729  0.00564355  0.02904439  0.03413927
lh_S_orbital-H_Shaped         0.01364828 0.01426666 0.35497033 -0.01695066 -0.01147973  0.01364828  0.03877628  0.04424721
lh_S_parieto_occipital       -0.00648702 0.01319880 0.63069884 -0.03479564 -0.02973421 -0.00648702  0.01676017  0.02182160
lh_S_pericallosal             0.00210857 0.01040891 0.84238304 -0.02021632 -0.01622475  0.00210857  0.02044188  0.02443345
lh_S_postcentral              0.01171805 0.01418349 0.42256164 -0.01870251 -0.01326348  0.01171805  0.03669957  0.04213860
lh_S_precentral-inf-part      0.00410055 0.01201543 0.73796573 -0.02166999 -0.01706235  0.00410055  0.02526345  0.02987108
lh_S_precentral-sup-part      0.02535078 0.01455933 0.10356710 -0.00587588 -0.00029272  0.02535078  0.05099428  0.05657745
lh_S_suborbital              -0.00258132 0.01839000 0.89037077 -0.04202394 -0.03497181 -0.00258132  0.02980917  0.03686130
lh_S_subparietal              0.00479705 0.01173850 0.68897157 -0.02037952 -0.01587808  0.00479705  0.02547219  0.02997363
lh_S_temporal_inf            -0.01673166 0.01201391 0.18543730 -0.04249894 -0.03789188 -0.01673166  0.00442857  0.00903562
lh_S_temporal_sup            -0.01130759 0.01052683 0.30091268 -0.03388538 -0.02984859 -0.01130759  0.00723342  0.01127021
lh_S_temporal_transverse     -0.00372192 0.01246386 0.76961853 -0.03045424 -0.02567465 -0.00372192  0.01823080  0.02301040
rh_G_and_S_cingul-Ant        -0.00080799 0.01780003 0.96443563 -0.03898524 -0.03215935 -0.00080799  0.03054338  0.03736927
rh_G_and_S_cingul-Mid-Ant    -0.00949138 0.00885858 0.30209810 -0.02849114 -0.02509408 -0.00949138  0.00611133  0.00950838
rh_G_and_S_cingul-Mid-Post   -0.00617585 0.00936127 0.52013721 -0.02625379 -0.02266396 -0.00617585  0.01031225  0.01390208
rh_G_and_S_frontomargin       0.00096749 0.01355810 0.94412158 -0.02811175 -0.02291254  0.00096749  0.02484752  0.03004673
rh_G_and_S_occipital_inf     -0.01045398 0.01176844 0.38938326 -0.03569477 -0.03118185 -0.01045398  0.01027389  0.01478681
rh_G_and_S_paracentral        0.00238201 0.01095074 0.83094122 -0.02110500 -0.01690565  0.00238201  0.02166966  0.02586902
rh_G_and_S_subcentral         0.01804963 0.01726269 0.31347021 -0.01897517 -0.01235533  0.01804963  0.04845459  0.05507443
rh_G_and_S_transv_frontopol   0.00013871 0.01248550 0.99129297 -0.02664004 -0.02185214  0.00013871  0.02212955  0.02691745
rh_G_cingul-Post-dorsal       0.00544263 0.01306702 0.68334746 -0.02258335 -0.01757245  0.00544263  0.02845771  0.03346861
rh_G_cingul-Post-ventral      0.00596748 0.00578339 0.31964838 -0.00643666 -0.00421887  0.00596748  0.01615382  0.01837161
rh_G_cuneus                  -0.03295808 0.00653960 0.00018070 -0.04698413 -0.04447635 -0.03295808 -0.02143981 -0.01893203
rh_G_front_inf-Opercular     -0.01044540 0.01153577 0.38053087 -0.03518717 -0.03076347 -0.01044540  0.00987267  0.01429636
rh_G_front_inf-Orbital        0.00065474 0.01969614 0.97395097 -0.04158928 -0.03403628  0.00065474  0.03534575  0.04289876
rh_G_front_inf-Triangul       0.00110962 0.01002277 0.91341759 -0.02038708 -0.01654359  0.00110962  0.01876283  0.02260633
rh_G_front_middle             0.01835512 0.01226613 0.15674867 -0.00795312 -0.00324934  0.01835512  0.03995958  0.04466335
rh_G_front_sup               -0.01382934 0.01235487 0.28183104 -0.04032789 -0.03559009 -0.01382934  0.00793141  0.01266921
rh_G_Ins_lg_and_S_cent_ins   -0.01180294 0.01099401 0.30116812 -0.03538275 -0.03116681 -0.01180294  0.00756093  0.01177687
rh_G_insular_short           -0.01750285 0.01422277 0.23874054 -0.04800766 -0.04255357 -0.01750285  0.00754786  0.01300196
rh_G_oc-temp_lat-fusifor      0.00200307 0.01188697 0.86859269 -0.02349195 -0.01893357  0.00200307  0.02293971  0.02749808
rh_G_oc-temp_med-Lingual     -0.00459558 0.00967959 0.64227184 -0.02535623 -0.02164433 -0.00459558  0.01245318  0.01616507
rh_G_oc-temp_med-Parahip     -0.01086196 0.01254497 0.40117184 -0.03776825 -0.03295755 -0.01086196  0.01123363  0.01604433
rh_G_occipital_middle         0.00448128 0.00877437 0.61750236 -0.01433786 -0.01097310  0.00448128  0.01993566  0.02330042
rh_G_occipital_sup           -0.02107129 0.00937364 0.04121441 -0.04117575 -0.03758118 -0.02107129 -0.00456140 -0.00096683
rh_G_orbital                 -0.00071385 0.01339116 0.95824002 -0.02943504 -0.02429985 -0.00071385  0.02287214  0.02800734
rh_G_pariet_inf-Angular      -0.00361886 0.01298187 0.78450204 -0.03146220 -0.02648396 -0.00361886  0.01924623  0.02422447
rh_G_pariet_inf-Supramar     -0.01629285 0.01624177 0.33281495 -0.05112797 -0.04489964 -0.01629285  0.01231394  0.01854227
rh_G_parietal_sup             0.01331102 0.01098848 0.24580810 -0.01025693 -0.00604310  0.01331102  0.03266515  0.03687897
rh_G_postcentral              0.02600822 0.01581063 0.12223118 -0.00790221 -0.00183921  0.02600822  0.05385565  0.05991866
rh_G_precentral               0.01619190 0.01208279 0.20156479 -0.00972312 -0.00508965  0.01619190  0.03747344  0.04210691
rh_G_precuneus               -0.00241046 0.01397713 0.86554623 -0.03238843 -0.02702853 -0.00241046  0.02220761  0.02756751
rh_G_rectus                   0.02124305 0.01684770 0.22795773 -0.01489167 -0.00843097  0.02124305  0.05091708  0.05737778
rh_G_subcallosal             -0.02132990 0.00969033 0.04500300 -0.04211359 -0.03839758 -0.02132990 -0.00426222 -0.00054620
rh_G_temp_sup-G_T_transv      0.03875730 0.01697995 0.03860676  0.00233893  0.00885035  0.03875730  0.06866426  0.07517567
rh_G_temp_sup-Lateral        -0.00748842 0.01583787 0.64363004 -0.04145728 -0.03538383 -0.00748842  0.02040698  0.02648043
rh_G_temp_sup-Plan_polar      0.01219179 0.01513019 0.43383654 -0.02025924 -0.01445717  0.01219179  0.03884075  0.04464283
rh_G_temp_sup-Plan_tempo      0.00237080 0.01419632 0.86975727 -0.02807727 -0.02263332  0.00237080  0.02737492  0.03281887
rh_G_temporal_inf             0.00821744 0.00953200 0.40316362 -0.01222667 -0.00857137  0.00821744  0.02500625  0.02866155
rh_G_temporal_middle         -0.00010429 0.01306757 0.99374503 -0.02813144 -0.02312033 -0.00010429  0.02291175  0.02792286
rh_Lat_Fis-ant-Horizont       0.00022253 0.01665833 0.98953030 -0.03550603 -0.02911795  0.00022253  0.02956301  0.03595109
rh_Lat_Fis-ant-Vertical       0.00399767 0.01789210 0.82642666 -0.03437707 -0.02751587  0.00399767  0.03551120  0.04237241
rh_Lat_Fis-post              -0.00600217 0.01328012 0.65821635 -0.03448520 -0.02939259 -0.00600217  0.01738824  0.02248086
rh_Pole_occipital             0.01726997 0.01032586 0.11661621 -0.00487679 -0.00091707  0.01726997  0.03545700  0.03941672
rh_Pole_temporal             -0.04059101 0.01501767 0.01715946 -0.07280070 -0.06704178 -0.04059101 -0.01414024 -0.00838132
rh_S_calcarine               -0.00338663 0.00732089 0.65076044 -0.01908837 -0.01628098 -0.00338663  0.00950772  0.01231511
rh_S_central                  0.00841799 0.01586332 0.60397246 -0.02560545 -0.01952224  0.00841799  0.03635822  0.04244143
rh_S_cingul-Marginalis       -0.00216222 0.01419637 0.88111705 -0.03261040 -0.02716643 -0.00216222  0.02284198  0.02828595
rh_S_circular_insula_ant      0.00699198 0.01533981 0.65551940 -0.02590864 -0.02002619  0.00699198  0.03401014  0.03989260
rh_S_circular_insula_inf      0.03709426 0.01377296 0.01748565  0.00755420  0.01283580  0.03709426  0.06135271  0.06663432
rh_S_circular_insula_sup      0.00953180 0.00940783 0.32816653 -0.01064599 -0.00703831  0.00953180  0.02610191  0.02970959
rh_S_collat_transv_ant        0.00755498 0.01371747 0.59048184 -0.02186607 -0.01660574  0.00755498  0.03171571  0.03697604
rh_S_collat_transv_post       0.00138672 0.01041917 0.89601363 -0.02096017 -0.01696467  0.00138672  0.01973811  0.02373362
rh_S_front_inf                0.01294662 0.01611665 0.43522433 -0.02162015 -0.01543980  0.01294662  0.04133304  0.04751339
rh_S_front_middle             0.01573375 0.01131072 0.18592464 -0.00852534 -0.00418795  0.01573375  0.03565544  0.03999284
rh_S_front_sup                0.00466928 0.00818576 0.57743760 -0.01288744 -0.00974839  0.00466928  0.01908695  0.02222599
rh_S_interm_prim-Jensen       0.00371585 0.01197742 0.76095055 -0.02197316 -0.01738010  0.00371585  0.02481180  0.02940486
rh_S_intrapariet_and_P_trans  0.00651045 0.00868666 0.46597831 -0.01212059 -0.00878946  0.00651045  0.02181035  0.02514149
rh_S_oc_middle_and_Lunatus    0.01017406 0.00879200 0.26655546 -0.00868289 -0.00531137  0.01017406  0.02565950  0.02903102
rh_S_oc_sup_and_transversal   0.01063571 0.01165980 0.37711991 -0.01437208 -0.00990082  0.01063571  0.03117224  0.03564350
rh_S_oc-temp_lat             -0.00587433 0.00808862 0.47965447 -0.02322270 -0.02012090 -0.00587433  0.00837224  0.01147403
rh_S_oc-temp_med_and_Lingual  0.00102319 0.01040957 0.92309292 -0.02130311 -0.01731129  0.00102319  0.01935767  0.02334949
rh_S_occipital_ant           -0.00836208 0.00891319 0.36406198 -0.02747897 -0.02406097 -0.00836208  0.00733682  0.01075482
rh_S_orbital_lateral          0.00056190 0.01339344 0.96712813 -0.02816418 -0.02302811  0.00056190  0.02415191  0.02928798
rh_S_orbital_med-olfact       0.01511520 0.01503562 0.33181596 -0.01713300 -0.01136719  0.01511520  0.04159758  0.04736339
rh_S_orbital-H_Shaped        -0.00142880 0.01181277 0.90544630 -0.02676466 -0.02223474 -0.00142880  0.01937714  0.02390706
rh_S_parieto_occipital       -0.03061672 0.01113549 0.01566122 -0.05449997 -0.05022977 -0.03061672 -0.01100366 -0.00673346
rh_S_pericallosal            -0.00858482 0.01175784 0.47734781 -0.03380289 -0.02929403 -0.00858482  0.01212439  0.01663324
rh_S_postcentral             -0.02014130 0.01044518 0.07435024 -0.04254398 -0.03853850 -0.02014130 -0.00174410  0.00226138
rh_S_precentral-inf-part      0.00369016 0.01486391 0.80753550 -0.02818975 -0.02248979  0.00369016  0.02987011  0.03557007
rh_S_precentral-sup-part      0.00793927 0.01152503 0.50216143 -0.01677946 -0.01235989  0.00793927  0.02823842  0.03265799
rh_S_suborbital              -0.00776165 0.01152030 0.51228056 -0.03247023 -0.02805247 -0.00776165  0.01252918  0.01694694
rh_S_subparietal             -0.00668161 0.01208343 0.58901412 -0.03259799 -0.02796428 -0.00668161  0.01460105  0.01923476
rh_S_temporal_inf             0.00547500 0.01683133 0.74977488 -0.03062461 -0.02417019  0.00547500  0.03512018  0.04157460
rh_S_temporal_sup             0.01071448 0.00720734 0.15929014 -0.00474373 -0.00197989  0.01071448  0.02340884  0.02617269
rh_S_temporal_transverse      0.01636780 0.01874995 0.39741510 -0.02384683 -0.01665667  0.01636780  0.04939228  0.05658244


