===== Summary of variable information =====
Total number of ROIs: 148
Response variable Y - mean: -22.131485; SD: 0.675716
   Min. 1st Qu.  Median    Mean 3rd Qu.    Max. 
 -23.92  -22.60  -22.09  -22.13  -21.62  -20.23 


Data structure:
'data.frame':	2219 obs. of  3 variables:
 $ Subj: Factor w/ 15 levels "1","2","3","4",..: 1 1 1 1 1 1 1 1 1 1 ...
 $ ROI : Factor w/ 148 levels "lh_G_and_S_cingul-Ant",..: 17 1 2 3 4 5 6 7 8 9 ...
 $ Y   : num  -22.3 -22 -22 -22.1 -22.5 ...
Subjects:
  1   2   3   4   5   6   7   8   9  10  11  12  13  14  15 
148 148 147 148 148 148 148 148 148 148 148 148 148 148 148 
ROIs:
       lh_G_and_S_cingul-Ant    lh_G_and_S_cingul-Mid-Ant 
                          15                           15 
  lh_G_and_S_cingul-Mid-Post      lh_G_and_S_frontomargin 
                          15                           15 
    lh_G_and_S_occipital_inf       lh_G_and_S_paracentral 
                          15                           15 
       lh_G_and_S_subcentral  lh_G_and_S_transv_frontopol 
                          15                           15 
     lh_G_cingul-Post-dorsal     lh_G_cingul-Post-ventral 
                          15                           15 
                 lh_G_cuneus     lh_G_front_inf-Opercular 
                          15                           15 
      lh_G_front_inf-Orbital      lh_G_front_inf-Triangul 
                          15                           15 
           lh_G_front_middle               lh_G_front_sup 
                          15                           15 
  lh_G_Ins_lg_and_S_cent_ins           lh_G_insular_short 
                          15                           15 
    lh_G_oc-temp_lat-fusifor     lh_G_oc-temp_med-Lingual 
                          15                           15 
    lh_G_oc-temp_med-Parahip        lh_G_occipital_middle 
                          15                           15 
          lh_G_occipital_sup                 lh_G_orbital 
                          15                           15 
     lh_G_pariet_inf-Angular     lh_G_pariet_inf-Supramar 
                          15                           15 
           lh_G_parietal_sup             lh_G_postcentral 
                          15                           15 
             lh_G_precentral               lh_G_precuneus 
                          15                           15 
                 lh_G_rectus             lh_G_subcallosal 
                          15                           15 
    lh_G_temp_sup-G_T_transv        lh_G_temp_sup-Lateral 
                          15                           15 
    lh_G_temp_sup-Plan_polar     lh_G_temp_sup-Plan_tempo 
                          15                           15 
           lh_G_temporal_inf         lh_G_temporal_middle 
                          15                           15 
     lh_Lat_Fis-ant-Horizont      lh_Lat_Fis-ant-Vertical 
                          15                           15 
             lh_Lat_Fis-post            lh_Pole_occipital 
                          15                           15 
            lh_Pole_temporal               lh_S_calcarine 
                          15                           15 
                lh_S_central       lh_S_cingul-Marginalis 
                          15                           15 
    lh_S_circular_insula_ant     lh_S_circular_insula_inf 
                          15                           15 
    lh_S_circular_insula_sup       lh_S_collat_transv_ant 
                          15                           15 
     lh_S_collat_transv_post               lh_S_front_inf 
                          15                           15 
           lh_S_front_middle               lh_S_front_sup 
                          15                           15 
     lh_S_interm_prim-Jensen lh_S_intrapariet_and_P_trans 
                          15                           15 
  lh_S_oc_middle_and_Lunatus  lh_S_oc_sup_and_transversal 
                          15                           15 
            lh_S_oc-temp_lat lh_S_oc-temp_med_and_Lingual 
                          15                           15 
          lh_S_occipital_ant         lh_S_orbital_lateral 
                          15                           15 
     lh_S_orbital_med-olfact        lh_S_orbital-H_Shaped 
                          15                           15 
      lh_S_parieto_occipital            lh_S_pericallosal 
                          15                           15 
            lh_S_postcentral     lh_S_precentral-inf-part 
                          15                           15 
    lh_S_precentral-sup-part              lh_S_suborbital 
                          15                           15 
            lh_S_subparietal            lh_S_temporal_inf 
                          15                           15 
           lh_S_temporal_sup     lh_S_temporal_transverse 
                          15                           15 
       rh_G_and_S_cingul-Ant    rh_G_and_S_cingul-Mid-Ant 
                          15                           15 
  rh_G_and_S_cingul-Mid-Post      rh_G_and_S_frontomargin 
                          15                           15 
    rh_G_and_S_occipital_inf       rh_G_and_S_paracentral 
                          15                           15 
       rh_G_and_S_subcentral  rh_G_and_S_transv_frontopol 
                          15                           15 
     rh_G_cingul-Post-dorsal     rh_G_cingul-Post-ventral 
                          15                           15 
                 rh_G_cuneus     rh_G_front_inf-Opercular 
                          15                           15 
      rh_G_front_inf-Orbital      rh_G_front_inf-Triangul 
                          15                           15 
           rh_G_front_middle               rh_G_front_sup 
                          15                           15 
  rh_G_Ins_lg_and_S_cent_ins           rh_G_insular_short 
                          15                           15 
    rh_G_oc-temp_lat-fusifor     rh_G_oc-temp_med-Lingual 
                          15                           15 
    rh_G_oc-temp_med-Parahip        rh_G_occipital_middle 
                          15                           15 
          rh_G_occipital_sup                 rh_G_orbital 
                          15                           15 
     rh_G_pariet_inf-Angular                      (Other) 
                          15                          734 


10/08/25 08:35:35.360
   user  system elapsed 
201.566   1.943  71.901 

***** Summary information of model results *****

 Family: gaussian 
  Links: mu = identity 
Formula: Y ~ 1 + (1 | Subj) + (1 | ROI) 
   Data: lop$dataTable (Number of observations: 2219) 
  Draws: 4 chains, each with iter = 5000; warmup = 2500; thin = 1;
         total post-warmup draws = 10000

Multilevel Hyperparameters:
~ROI (Number of levels: 148) 
              Estimate Est.Error l-95% CI u-95% CI Rhat Bulk_ESS Tail_ESS
sd(Intercept)     0.56      0.03     0.50     0.63 1.02      527     1075

~Subj (Number of levels: 15) 
              Estimate Est.Error l-95% CI u-95% CI Rhat Bulk_ESS Tail_ESS
sd(Intercept)     0.28      0.06     0.19     0.43 1.00     1403     3190

Regression Coefficients:
          Estimate Est.Error l-95% CI u-95% CI Rhat Bulk_ESS Tail_ESS
Intercept   -22.12      0.09   -22.30   -21.95 1.00      565     1124

Further Distributional Parameters:
      Estimate Est.Error l-95% CI u-95% CI Rhat Bulk_ESS Tail_ESS
sigma     0.31      0.00     0.30     0.32 1.00    10435     7694

Draws were sampled using sampling(NUTS). For each parameter, Bulk_ESS
and Tail_ESS are effective sample size measures, and Rhat is the potential
scale reduction factor on split chains (at convergence, Rhat = 1).


===== Summary of region effects for Intercept (RBA results) =====
                                  mean        SD P+      2.5%        5%       50%       95%     97.5%
lh_G_and_S_cingul-Ant        -21.88364 0.1102402  0 -22.09805 -22.06163 -21.88325 -21.69986 -21.66255
lh_G_and_S_cingul-Mid-Ant    -22.03542 0.1092561  0 -22.24874 -22.21138 -22.03607 -21.85499 -21.82094
lh_G_and_S_cingul-Mid-Post   -22.05997 0.1086901  0 -22.27065 -22.23595 -22.06007 -21.87977 -21.84490
lh_G_and_S_frontomargin      -22.41955 0.1088100  0 -22.63128 -22.59627 -22.42014 -22.24137 -22.20152
lh_G_and_S_occipital_inf     -21.75364 0.1089350  0 -21.96830 -21.93039 -21.75380 -21.57559 -21.54067
lh_G_and_S_paracentral       -22.07942 0.1080343  0 -22.28919 -22.25737 -22.07902 -21.90301 -21.86800
lh_G_and_S_subcentral        -21.67889 0.1086162  0 -21.88991 -21.85513 -21.68021 -21.49844 -21.46080
lh_G_and_S_transv_frontopol  -22.70486 0.1104151  0 -22.92149 -22.88146 -22.70658 -22.52505 -22.48787
lh_G_cingul-Post-dorsal      -21.75777 0.1103909  0 -21.97526 -21.93770 -21.75837 -21.57425 -21.53780
lh_G_cingul-Post-ventral     -21.61785 0.1084641  0 -21.83077 -21.79426 -21.61840 -21.43972 -21.40784
lh_G_cuneus                  -21.88435 0.1101423  0 -22.10177 -22.06725 -21.88308 -21.70543 -21.66758
lh_G_front_inf-Opercular     -22.19808 0.1090828  0 -22.41102 -22.37518 -22.19875 -22.01990 -21.98327
lh_G_front_inf-Orbital       -21.52499 0.1097021  0 -21.73695 -21.70395 -21.52643 -21.34250 -21.30670
lh_G_front_inf-Triangul      -22.45070 0.1087976  0 -22.66268 -22.62746 -22.45017 -22.27136 -22.23830
lh_G_front_middle            -23.29636 0.1085621  0 -23.50625 -23.47297 -23.29616 -23.11942 -23.08340
lh_G_front_sup               -22.85760 0.1086049  0 -23.06889 -23.03576 -22.85916 -22.68255 -22.64102
lh_G_Ins_lg_and_S_cent_ins   -22.38326 0.1088176  0 -22.59495 -22.55959 -22.38189 -22.20610 -22.16879
lh_G_insular_short           -22.61148 0.1078475  0 -22.81792 -22.78536 -22.61073 -22.43437 -22.39872
lh_G_oc-temp_lat-fusifor     -21.55053 0.1107503  0 -21.76608 -21.72851 -21.55146 -21.36570 -21.33006
lh_G_oc-temp_med-Lingual     -21.90785 0.1079301  0 -22.11544 -22.08104 -21.90793 -21.72890 -21.69399
lh_G_oc-temp_med-Parahip     -21.44817 0.1081618  0 -21.66045 -21.62594 -21.44764 -21.27461 -21.24262
lh_G_occipital_middle        -22.82648 0.1083533  0 -23.03971 -23.00120 -22.82678 -22.64748 -22.61340
lh_G_occipital_sup           -22.38499 0.1094254  0 -22.59701 -22.56221 -22.38406 -22.20655 -22.17178
lh_G_orbital                 -21.94819 0.1087202  0 -22.16035 -22.12594 -21.94890 -21.76661 -21.72802
lh_G_pariet_inf-Angular      -22.79431 0.1093833  0 -23.00748 -22.97315 -22.79492 -22.61311 -22.57490
lh_G_pariet_inf-Supramar     -22.64160 0.1105769  0 -22.85538 -22.82045 -22.64193 -22.45695 -22.41883
lh_G_parietal_sup            -23.30938 0.1092885  0 -23.52396 -23.48723 -23.30931 -23.13126 -23.09572
lh_G_postcentral             -22.80784 0.1095080  0 -23.02139 -22.98656 -22.80707 -22.63084 -22.59196
lh_G_precentral              -23.11290 0.1093336  0 -23.32626 -23.28933 -23.11378 -22.93229 -22.89365
lh_G_precuneus               -22.03292 0.1072245  0 -22.24419 -22.20512 -22.03325 -21.85408 -21.81837
lh_G_rectus                  -21.64962 0.1100030  0 -21.86563 -21.82872 -21.65026 -21.46952 -21.43643
lh_G_subcallosal             -21.37207 0.1098131  0 -21.58705 -21.55014 -21.37280 -21.19142 -21.15685
lh_G_temp_sup-G_T_transv     -21.40160 0.1090633  0 -21.61313 -21.57711 -21.40335 -21.22077 -21.18095
lh_G_temp_sup-Lateral        -22.44361 0.1098300  0 -22.65781 -22.62081 -22.44393 -22.26208 -22.22729
lh_G_temp_sup-Plan_polar     -21.07969 0.1092734  0 -21.29102 -21.25623 -21.07991 -20.90180 -20.86344
lh_G_temp_sup-Plan_tempo     -21.58318 0.1098353  0 -21.80261 -21.76031 -21.58346 -21.40437 -21.36625
lh_G_temporal_inf            -22.02786 0.1103422  0 -22.24568 -22.20911 -22.02872 -21.84757 -21.81321
lh_G_temporal_middle         -22.89591 0.1099505  0 -23.11299 -23.07568 -22.89549 -22.71595 -22.68328
lh_Lat_Fis-ant-Horizont      -21.34857 0.1095020  0 -21.55774 -21.52694 -21.34929 -21.16844 -21.13512
lh_Lat_Fis-ant-Vertical      -21.56595 0.1102280  0 -21.78465 -21.74532 -21.56425 -21.38835 -21.35116
lh_Lat_Fis-post              -21.95906 0.1086666  0 -22.17489 -22.13561 -21.95892 -21.77976 -21.74133
lh_Pole_occipital            -22.13502 0.1094292  0 -22.35263 -22.31115 -22.13526 -21.95512 -21.92241
lh_Pole_temporal             -21.50479 0.1095105  0 -21.71644 -21.67829 -21.50533 -21.32682 -21.29391
lh_S_calcarine               -22.15906 0.1094871  0 -22.37723 -22.34151 -22.15823 -21.98228 -21.94053
lh_S_central                 -23.04459 0.1102230  0 -23.25806 -23.22520 -23.04446 -22.86303 -22.82826
lh_S_cingul-Marginalis       -22.18662 0.1090239  0 -22.39958 -22.36103 -22.18939 -22.00569 -21.97345
lh_S_circular_insula_ant     -21.59326 0.1093221  0 -21.80440 -21.77105 -21.59331 -21.41156 -21.37321
lh_S_circular_insula_inf     -21.71918 0.1103480  0 -21.93201 -21.89702 -21.72004 -21.53477 -21.49920
lh_S_circular_insula_sup     -22.00980 0.1088362  0 -22.21822 -22.18440 -22.01056 -21.83122 -21.79444
lh_S_collat_transv_ant       -21.61420 0.1090598  0 -21.82632 -21.79302 -21.61511 -21.43468 -21.39891
lh_S_collat_transv_post      -21.69631 0.1096773  0 -21.90752 -21.87366 -21.69710 -21.51399 -21.47931
lh_S_front_inf               -22.50137 0.1082586  0 -22.71017 -22.67606 -22.50169 -22.32157 -22.28555
lh_S_front_middle            -22.83659 0.1088072  0 -23.04818 -23.01111 -22.83630 -22.65942 -22.62162
lh_S_front_sup               -22.95851 0.1076076  0 -23.16518 -23.13157 -22.96035 -22.77974 -22.74309
lh_S_interm_prim-Jensen      -22.08137 0.1097821  0 -22.29736 -22.25981 -22.07988 -21.90466 -21.86772
lh_S_intrapariet_and_P_trans -23.01689 0.1084541  0 -23.22653 -23.19340 -23.01713 -22.83772 -22.80171
lh_S_oc_middle_and_Lunatus   -22.48704 0.1095299  0 -22.69727 -22.66551 -22.48756 -22.30417 -22.27357
lh_S_oc_sup_and_transversal  -22.18057 0.1084177  0 -22.39234 -22.35865 -22.18262 -22.00048 -21.96617
lh_S_oc-temp_lat             -21.98838 0.1083267  0 -22.19711 -22.16365 -21.98900 -21.80928 -21.77328
lh_S_oc-temp_med_and_Lingual -21.97688 0.1091584  0 -22.19172 -22.15692 -21.97627 -21.79950 -21.76285
lh_S_occipital_ant           -21.96747 0.1109030  0 -22.18799 -22.15248 -21.96680 -21.78741 -21.75150
lh_S_orbital_lateral         -22.10722 0.1089581  0 -22.32228 -22.28308 -22.10787 -21.92976 -21.89063
lh_S_orbital_med-olfact      -21.67003 0.1086993  0 -21.88227 -21.84626 -21.66921 -21.49233 -21.45502
lh_S_orbital-H_Shaped        -21.83693 0.1086186  0 -22.04649 -22.01441 -21.83713 -21.65760 -21.62394
lh_S_parieto_occipital       -22.42676 0.1096013  0 -22.64118 -22.60509 -22.42764 -22.24622 -22.21019
lh_S_pericallosal            -22.06055 0.1095295  0 -22.27047 -22.23534 -22.06207 -21.87960 -21.84385
lh_S_postcentral             -23.02298 0.1081991  0 -23.23061 -23.19949 -23.02360 -22.84686 -22.80948
lh_S_precentral-inf-part     -22.10447 0.1089165  0 -22.31752 -22.28193 -22.10589 -21.92700 -21.89112
lh_S_precentral-sup-part     -22.50698 0.1111492  0 -22.72400 -22.68751 -22.50644 -22.32483 -22.29104
lh_S_suborbital              -21.32641 0.1094043  0 -21.53650 -21.50404 -21.32600 -21.14784 -21.10994
lh_S_subparietal             -21.93159 0.1077042  0 -22.13971 -22.10533 -21.93205 -21.75557 -21.71918
lh_S_temporal_inf            -22.41179 0.1098273  0 -22.62517 -22.59161 -22.41068 -22.23188 -22.19565
lh_S_temporal_sup            -23.21566 0.1097193  0 -23.42969 -23.39288 -23.21658 -23.03661 -23.00215
lh_S_temporal_transverse     -21.34807 0.1085615  0 -21.55624 -21.52352 -21.34953 -21.16921 -21.13243
rh_G_and_S_cingul-Ant        -21.91626 0.1091507  0 -22.12924 -22.09147 -21.91722 -21.73523 -21.69960
rh_G_and_S_cingul-Mid-Ant    -22.02066 0.1091471  0 -22.23661 -22.19923 -22.02038 -21.84299 -21.80558
rh_G_and_S_cingul-Mid-Post   -22.04835 0.1084707  0 -22.26012 -22.22363 -22.04945 -21.86968 -21.83586
rh_G_and_S_frontomargin      -22.33319 0.1105537  0 -22.54982 -22.51273 -22.33367 -22.14950 -22.11412
rh_G_and_S_occipital_inf     -21.72050 0.1096340  0 -21.92996 -21.89891 -21.72007 -21.53997 -21.50541
rh_G_and_S_paracentral       -22.07656 0.1091740  0 -22.29243 -22.25590 -22.07594 -21.89937 -21.86497
rh_G_and_S_subcentral        -21.56413 0.1092721  0 -21.78056 -21.74409 -21.56269 -21.38610 -21.35090
rh_G_and_S_transv_frontopol  -22.75541 0.1099545  0 -22.97274 -22.93368 -22.75432 -22.57705 -22.54244
rh_G_cingul-Post-dorsal      -21.77350 0.1090751  0 -21.98024 -21.94628 -21.77491 -21.59227 -21.55505
rh_G_cingul-Post-ventral     -21.43399 0.1096102  0 -21.64574 -21.61257 -21.43416 -21.25533 -21.22059
rh_G_cuneus                  -21.82104 0.1102886  0 -22.03488 -22.00121 -21.82152 -21.63826 -21.60308
rh_G_front_inf-Opercular     -21.85586 0.1086721  0 -22.07127 -22.03449 -21.85446 -21.67813 -21.64410
rh_G_front_inf-Orbital       -21.60700 0.1087668  0 -21.82177 -21.78504 -21.60640 -21.42810 -21.39446
rh_G_front_inf-Triangul      -22.48124 0.1084334  0 -22.69003 -22.65992 -22.48182 -22.30152 -22.26490
rh_G_front_middle            -23.25841 0.1088981  0 -23.47270 -23.43714 -23.25739 -23.07970 -23.04550
rh_G_front_sup               -22.84091 0.1082194  0 -23.05259 -23.01839 -22.83962 -22.66474 -22.63038
rh_G_Ins_lg_and_S_cent_ins   -22.51868 0.1079960  0 -22.73205 -22.69324 -22.51938 -22.34353 -22.30439
rh_G_insular_short           -22.67608 0.1084264  0 -22.88937 -22.85231 -22.67662 -22.50033 -22.46354
rh_G_oc-temp_lat-fusifor     -21.47098 0.1102852  0 -21.68197 -21.64908 -21.47162 -21.29043 -21.25365
rh_G_oc-temp_med-Lingual     -21.88974 0.1090387  0 -22.10109 -22.06456 -21.89110 -21.70864 -21.67590
rh_G_oc-temp_med-Parahip     -21.45925 0.1087665  0 -21.66912 -21.63344 -21.46047 -21.28303 -21.24244
rh_G_occipital_middle        -22.62598 0.1099137  0 -22.84295 -22.80657 -22.62526 -22.44629 -22.40859
rh_G_occipital_sup           -22.55192 0.1106996  0 -22.77177 -22.73238 -22.55209 -22.37097 -22.33295
rh_G_orbital                 -21.89723 0.1083903  0 -22.10991 -22.07382 -21.89742 -21.71827 -21.68011
rh_G_pariet_inf-Angular      -22.92138 0.1095178  0 -23.13323 -23.10063 -22.92158 -22.74279 -22.70500
rh_G_pariet_inf-Supramar     -22.43373 0.1099664  0 -22.65065 -22.61726 -22.43271 -22.25393 -22.21535
rh_G_parietal_sup            -23.02150 0.1094813  0 -23.23533 -23.20061 -23.02093 -22.84410 -22.80440
rh_G_postcentral             -22.69544 0.1094852  0 -22.90969 -22.87036 -22.69632 -22.51252 -22.47824
rh_G_precentral              -22.88046 0.1105569  0 -23.10277 -23.06415 -22.87930 -22.69963 -22.66599
rh_G_precuneus               -22.01725 0.1096281  0 -22.23362 -22.19421 -22.01709 -21.83601 -21.80309
rh_G_rectus                  -21.71185 0.1090329  0 -21.92269 -21.88694 -21.71355 -21.53311 -21.49511
rh_G_subcallosal             -21.22316 0.1098606  0 -21.43610 -21.39924 -21.22284 -21.04064 -21.00921
rh_G_temp_sup-G_T_transv     -21.30490 0.1107349  0 -21.52130 -21.48464 -21.30501 -21.12396 -21.08833
rh_G_temp_sup-Lateral        -22.41415 0.1108025  0 -22.63335 -22.59538 -22.41392 -22.23138 -22.19375
rh_G_temp_sup-Plan_polar     -21.18523 0.1091514  0 -21.39818 -21.36492 -21.18454 -21.00774 -20.96918
rh_G_temp_sup-Plan_tempo     -21.34341 0.1093470  0 -21.55460 -21.52063 -21.34435 -21.16107 -21.12456
rh_G_temporal_inf            -22.01351 0.1089249  0 -22.22682 -22.19109 -22.01246 -21.83684 -21.80255
rh_G_temporal_middle         -22.99859 0.1090409  0 -23.21264 -23.17462 -22.99976 -22.81987 -22.78496
rh_Lat_Fis-ant-Horizont      -21.40515 0.1109597  0 -21.62510 -21.58521 -21.40489 -21.22451 -21.18817
rh_Lat_Fis-ant-Vertical      -21.36697 0.1094748  0 -21.57745 -21.54073 -21.36887 -21.18628 -21.14998
rh_Lat_Fis-post              -22.04836 0.1087679  0 -22.26088 -22.22745 -22.04901 -21.86808 -21.83368
rh_Pole_occipital            -22.02371 0.1094014  0 -22.23384 -22.20146 -22.02459 -21.84300 -21.80969
rh_Pole_temporal             -21.42533 0.1088451  0 -21.63689 -21.60185 -21.42573 -21.24729 -21.21431
rh_S_calcarine               -22.19423 0.1097203  0 -22.40856 -22.37083 -22.19512 -22.01245 -21.97820
rh_S_central                 -23.21489 0.1096542  0 -23.42988 -23.39236 -23.21404 -23.03679 -22.99897
rh_S_cingul-Marginalis       -22.22053 0.1095915  0 -22.43624 -22.39895 -22.22119 -22.04195 -22.00322
rh_S_circular_insula_ant     -21.65500 0.1077837  0 -21.86547 -21.82742 -21.65594 -21.47741 -21.44172
rh_S_circular_insula_inf     -21.63695 0.1092792  0 -21.85100 -21.81414 -21.63829 -21.45568 -21.42039
rh_S_circular_insula_sup     -22.08136 0.1083695  0 -22.29092 -22.25717 -22.08238 -21.90549 -21.86791
rh_S_collat_transv_ant       -21.62621 0.1090705  0 -21.83828 -21.80334 -21.62790 -21.44648 -21.41344
rh_S_collat_transv_post      -21.46149 0.1099984  0 -21.67362 -21.63923 -21.46243 -21.28055 -21.24209
rh_S_front_inf               -22.26990 0.1092871  0 -22.48571 -22.44650 -22.27168 -22.08885 -22.05343
rh_S_front_middle            -22.83311 0.1079645  0 -23.04316 -23.01003 -22.83399 -22.65740 -22.61996
rh_S_front_sup               -22.82629 0.1100247  0 -23.04212 -23.00437 -22.82649 -22.64650 -22.60901
rh_S_interm_prim-Jensen      -21.95315 0.1094989  0 -22.16356 -22.13126 -21.95383 -21.77310 -21.73577
rh_S_intrapariet_and_P_trans -23.03083 0.1090800  0 -23.24414 -23.20909 -23.03057 -22.85277 -22.81731
rh_S_oc_middle_and_Lunatus   -22.26434 0.1096619  0 -22.48039 -22.44115 -22.26492 -22.08489 -22.05052
rh_S_oc_sup_and_transversal  -22.36491 0.1099842  0 -22.57607 -22.53956 -22.36645 -22.18475 -22.14732
rh_S_oc-temp_lat             -21.81556 0.1087618  0 -22.02477 -21.99216 -21.81537 -21.63776 -21.60378
rh_S_oc-temp_med_and_Lingual -21.92651 0.1073911  0 -22.13226 -22.09565 -21.92784 -21.74913 -21.71217
rh_S_occipital_ant           -22.16779 0.1097558  0 -22.38420 -22.34778 -22.16702 -21.98903 -21.95161
rh_S_orbital_lateral         -22.29117 0.1091013  0 -22.50451 -22.46949 -22.29023 -22.10846 -22.07542
rh_S_orbital_med-olfact      -21.64152 0.1090515  0 -21.85494 -21.82017 -21.64172 -21.46436 -21.42057
rh_S_orbital-H_Shaped        -21.71213 0.1086770  0 -21.91951 -21.88624 -21.71210 -21.53003 -21.49231
rh_S_parieto_occipital       -22.42484 0.1083668  0 -22.63717 -22.60095 -22.42432 -22.25015 -22.20811
rh_S_pericallosal            -22.11187 0.1104245  0 -22.32677 -22.29129 -22.11217 -21.93062 -21.89526
rh_S_postcentral             -22.70371 0.1094323  0 -22.91617 -22.88138 -22.70423 -22.52735 -22.48450
rh_S_precentral-inf-part     -22.18376 0.1096619  0 -22.39675 -22.35708 -22.18406 -22.00434 -21.96648
rh_S_precentral-sup-part     -22.61336 0.1093139  0 -22.82419 -22.78846 -22.61308 -22.43519 -22.39796
rh_S_suborbital              -21.30772 0.1115304  0 -21.52588 -21.49133 -21.30722 -21.12625 -21.09332
rh_S_subparietal             -21.90949 0.1089305  0 -22.12064 -22.08690 -21.90942 -21.73080 -21.69676
rh_S_temporal_inf            -22.45601 0.1091290  0 -22.67176 -22.63567 -22.45645 -22.27712 -22.24168
rh_S_temporal_sup            -23.01149 0.1088397  0 -23.22554 -23.18847 -23.01199 -22.83312 -22.79661
rh_S_temporal_transverse     -21.06982 0.1087918  0 -21.28075 -21.24561 -21.06934 -20.89272 -20.85471


===== Summary of region effects under GLM for Intercept (for reference only): no adjustment for multiplicity =====
                                  mean         SD 2-sided-p      2.5%        5%       50%       95%     97.5%
lh_G_and_S_cingul-Ant        -21.88127 0.08555244         0 -22.06476 -22.03196 -21.88127 -21.73059 -21.69778
lh_G_and_S_cingul-Mid-Ant    -22.03671 0.06390382         0 -22.17377 -22.14926 -22.03671 -21.92415 -21.89965
lh_G_and_S_cingul-Mid-Post   -22.06162 0.05106237         0 -22.17113 -22.15155 -22.06162 -21.97168 -21.95210
lh_G_and_S_frontomargin      -22.42868 0.09677999         0 -22.63626 -22.59914 -22.42868 -22.25822 -22.22111
lh_G_and_S_occipital_inf     -21.75040 0.17277111         0 -22.12095 -22.05470 -21.75040 -21.44609 -21.37984
lh_G_and_S_paracentral       -22.08146 0.08762008         0 -22.26938 -22.23578 -22.08146 -21.92713 -21.89353
lh_G_and_S_subcentral        -21.67243 0.05515934         0 -21.79073 -21.76958 -21.67243 -21.57528 -21.55412
lh_G_and_S_transv_frontopol  -22.71901 0.09870477         0 -22.93071 -22.89286 -22.71901 -22.54516 -22.50731
lh_G_cingul-Post-dorsal      -21.75496 0.08164041         0 -21.93006 -21.89875 -21.75496 -21.61117 -21.57986
lh_G_cingul-Post-ventral     -21.60982 0.09903287         0 -21.82223 -21.78425 -21.60982 -21.43540 -21.39742
lh_G_cuneus                  -21.88109 0.11652867         0 -22.13102 -22.08634 -21.88109 -21.67585 -21.63117
lh_G_front_inf-Opercular     -22.20236 0.07080569         0 -22.35422 -22.32707 -22.20236 -22.07764 -22.05049
lh_G_front_inf-Orbital       -21.51572 0.07260619         0 -21.67145 -21.64360 -21.51572 -21.38784 -21.36000
lh_G_front_inf-Triangul      -22.46073 0.11523196         0 -22.70787 -22.66368 -22.46073 -22.25777 -22.21358
lh_G_front_middle            -23.32317 0.08029497         0 -23.49538 -23.46459 -23.32317 -23.18174 -23.15095
lh_G_front_sup               -22.87513 0.05765528         0 -22.99878 -22.97668 -22.87513 -22.77358 -22.75147
lh_G_Ins_lg_and_S_cent_ins   -22.39197 0.11508002         0 -22.63879 -22.59466 -22.39197 -22.18928 -22.14515
lh_G_insular_short           -22.62532 0.10152958         0 -22.84307 -22.80414 -22.62532 -22.44649 -22.40756
lh_G_oc-temp_lat-fusifor     -21.54192 0.12097624         0 -21.80139 -21.75499 -21.54192 -21.32884 -21.28245
lh_G_oc-temp_med-Lingual     -21.90673 0.15362317         0 -22.23622 -22.17731 -21.90673 -21.63616 -21.57725
lh_G_oc-temp_med-Parahip     -21.43691 0.08310893         0 -21.61516 -21.58329 -21.43691 -21.29053 -21.25866
lh_G_occipital_middle        -22.84376 0.14887226         0 -23.16306 -23.10597 -22.84376 -22.58155 -22.52446
lh_G_occipital_sup           -22.39443 0.16893339         0 -22.75676 -22.69198 -22.39443 -22.09689 -22.03211
lh_G_orbital                 -21.94709 0.08605160         0 -22.13165 -22.09865 -21.94709 -21.79552 -21.76253
lh_G_pariet_inf-Angular      -22.81045 0.07701042         0 -22.97562 -22.94608 -22.81045 -22.67481 -22.64527
lh_G_pariet_inf-Supramar     -22.65584 0.09770882         0 -22.86541 -22.82794 -22.65584 -22.48375 -22.44628
lh_G_parietal_sup            -23.33649 0.11374339         0 -23.58044 -23.53683 -23.33649 -23.13615 -23.09253
lh_G_postcentral             -22.82487 0.09738207         0 -23.03373 -22.99639 -22.82487 -22.65335 -22.61600
lh_G_precentral              -23.13667 0.09485224         0 -23.34011 -23.30374 -23.13667 -22.96961 -22.93324
lh_G_precuneus               -22.03326 0.09348517         0 -22.23377 -22.19792 -22.03326 -21.86861 -21.83276
lh_G_rectus                  -21.64381 0.09056585         0 -21.83805 -21.80332 -21.64381 -21.48430 -21.44957
lh_G_subcallosal             -21.35960 0.08940567         0 -21.55135 -21.51707 -21.35960 -21.20213 -21.16784
lh_G_temp_sup-G_T_transv     -21.38916 0.09627593         0 -21.59565 -21.55874 -21.38916 -21.21959 -21.18267
lh_G_temp_sup-Lateral        -22.45360 0.09901363         0 -22.66596 -22.62799 -22.45360 -22.27920 -22.24123
lh_G_temp_sup-Plan_polar     -21.06180 0.09761546         0 -21.27116 -21.23373 -21.06180 -20.88987 -20.85243
lh_G_temp_sup-Plan_tempo     -21.57535 0.10638931         0 -21.80354 -21.76274 -21.57535 -21.38797 -21.34717
lh_G_temporal_inf            -22.02946 0.15397731         0 -22.35971 -22.30067 -22.02946 -21.75826 -21.69922
lh_G_temporal_middle         -22.91468 0.13782302         0 -23.21028 -23.15743 -22.91468 -22.67193 -22.61908
lh_Lat_Fis-ant-Horizont      -21.33482 0.06725209         0 -21.47906 -21.45327 -21.33482 -21.21637 -21.19058
lh_Lat_Fis-ant-Vertical      -21.55715 0.06218641         0 -21.69053 -21.66668 -21.55715 -21.44762 -21.42378
lh_Lat_Fis-post              -21.95908 0.07912092         0 -22.12878 -22.09844 -21.95908 -21.81973 -21.78939
lh_Pole_occipital            -22.13897 0.14882411         0 -22.45816 -22.40109 -22.13897 -21.87684 -21.81977
lh_Pole_temporal             -21.49501 0.09923338         0 -21.70784 -21.66979 -21.49501 -21.32022 -21.28217
lh_S_calcarine               -22.16323 0.13210033         0 -22.44656 -22.39590 -22.16323 -21.93056 -21.87991
lh_S_central                 -23.06589 0.09615573         0 -23.27212 -23.23525 -23.06589 -22.89653 -22.85965
lh_S_cingul-Marginalis       -22.19081 0.07280347         0 -22.34696 -22.31904 -22.19081 -22.06258 -22.03467
lh_S_circular_insula_ant     -21.58495 0.09114728         0 -21.78044 -21.74549 -21.58495 -21.42441 -21.38946
lh_S_circular_insula_inf     -21.71288 0.08067456         0 -21.88590 -21.85497 -21.71288 -21.57078 -21.53985
lh_S_circular_insula_sup     -22.01051 0.04981012         0 -22.11734 -22.09824 -22.01051 -21.92278 -21.90368
lh_S_collat_transv_ant       -21.60677 0.10448073         0 -21.83086 -21.79079 -21.60677 -21.42275 -21.38268
lh_S_collat_transv_post      -21.69060 0.12342101         0 -21.95531 -21.90799 -21.69060 -21.47322 -21.42589
lh_S_front_inf               -22.51237 0.08280935         0 -22.68998 -22.65822 -22.51237 -22.36651 -22.33476
lh_S_front_middle            -22.85411 0.12354395         0 -23.11909 -23.07171 -22.85411 -22.63651 -22.58914
lh_S_front_sup               -22.97812 0.10833445         0 -23.21047 -23.16893 -22.97812 -22.78731 -22.74577
lh_S_interm_prim-Jensen      -22.08292 0.16981228         0 -22.44713 -22.38202 -22.08292 -21.78383 -21.71871
lh_S_intrapariet_and_P_trans -23.03817 0.09495743         0 -23.24183 -23.20542 -23.03817 -22.87092 -22.83451
lh_S_oc_middle_and_Lunatus   -22.49655 0.19872052         0 -22.92277 -22.84656 -22.49655 -22.14655 -22.07034
lh_S_oc_sup_and_transversal  -22.18588 0.13154413         0 -22.46801 -22.41757 -22.18588 -21.95419 -21.90374
lh_S_oc-temp_lat             -21.98973 0.10820470         0 -22.22180 -22.18031 -21.98973 -21.79915 -21.75765
lh_S_oc-temp_med_and_Lingual -21.97701 0.11695775         0 -22.22786 -22.18301 -21.97701 -21.77101 -21.72616
lh_S_occipital_ant           -21.96710 0.16042093         0 -22.31117 -22.24965 -21.96710 -21.68455 -21.62303
lh_S_orbital_lateral         -22.10956 0.12391526         0 -22.37533 -22.32781 -22.10956 -21.89130 -21.84378
lh_S_orbital_med-olfact      -21.66459 0.07938240         0 -21.83484 -21.80440 -21.66459 -21.52477 -21.49433
lh_S_orbital-H_Shaped        -21.83392 0.08076790         0 -22.00715 -21.97617 -21.83392 -21.69166 -21.66069
lh_S_parieto_occipital       -22.43533 0.07522691         0 -22.59668 -22.56783 -22.43533 -22.30284 -22.27399
lh_S_pericallosal            -22.06187 0.09241658         0 -22.26008 -22.22464 -22.06187 -21.89909 -21.86365
lh_S_postcentral             -23.04511 0.07868436         0 -23.21387 -23.18370 -23.04511 -22.90653 -22.87635
lh_S_precentral-inf-part     -22.10643 0.10269785         0 -22.32670 -22.28731 -22.10643 -21.92555 -21.88617
lh_S_precentral-sup-part     -22.51872 0.08789928         0 -22.70725 -22.67354 -22.51872 -22.36390 -22.33019
lh_S_suborbital              -21.31338 0.08925268         0 -21.50481 -21.47059 -21.31338 -21.15618 -21.12196
lh_S_subparietal             -21.93085 0.07731199         0 -22.09667 -22.06702 -21.93085 -21.79468 -21.76503
lh_S_temporal_inf            -22.42087 0.14856974         0 -22.73952 -22.68255 -22.42087 -22.15919 -22.10222
lh_S_temporal_sup            -23.24082 0.13027950         0 -23.52024 -23.47029 -23.24082 -23.01136 -22.96140
lh_S_temporal_transverse     -21.33462 0.11912773         0 -21.59012 -21.54444 -21.33462 -21.12480 -21.07911
rh_G_and_S_cingul-Ant        -21.91461 0.07129499         0 -22.06753 -22.04019 -21.91461 -21.78904 -21.76170
rh_G_and_S_cingul-Mid-Ant    -22.02154 0.06883794         0 -22.16918 -22.14278 -22.02154 -21.90029 -21.87389
rh_G_and_S_cingul-Mid-Post   -22.04998 0.05347954         0 -22.16468 -22.14417 -22.04998 -21.95579 -21.93528
rh_G_and_S_frontomargin      -22.34118 0.09555507         0 -22.54613 -22.50949 -22.34118 -22.17288 -22.13624
rh_G_and_S_occipital_inf     -21.71527 0.12306342         0 -21.97922 -21.93202 -21.71527 -21.49852 -21.45133
rh_G_and_S_paracentral       -22.07838 0.09398642         0 -22.27996 -22.24392 -22.07838 -21.91284 -21.87680
rh_G_and_S_subcentral        -21.55510 0.05184234         0 -21.66629 -21.64641 -21.55510 -21.46379 -21.44391
rh_G_and_S_transv_frontopol  -22.77068 0.08179569         0 -22.94611 -22.91474 -22.77068 -22.62661 -22.59524
rh_G_cingul-Post-dorsal      -21.76922 0.07435673         0 -21.92870 -21.90019 -21.76922 -21.63826 -21.60974
rh_G_cingul-Post-ventral     -21.42376 0.09956935         0 -21.63732 -21.59914 -21.42376 -21.24839 -21.21021
rh_G_cuneus                  -21.81765 0.12823914         0 -22.09269 -22.04352 -21.81765 -21.59178 -21.54260
rh_G_front_inf-Opercular     -21.85381 0.06995347         0 -22.00385 -21.97702 -21.85381 -21.73060 -21.70378
rh_G_front_inf-Orbital       -21.59929 0.12935293         0 -21.87672 -21.82712 -21.59929 -21.37146 -21.32186
rh_G_front_inf-Triangul      -22.49183 0.09771089         0 -22.70140 -22.66393 -22.49183 -22.31973 -22.28226
rh_G_front_middle            -23.28438 0.07456843         0 -23.44432 -23.41572 -23.28438 -23.15305 -23.12445
rh_G_front_sup               -22.85930 0.07054260         0 -23.01060 -22.98355 -22.85930 -22.73506 -22.70800
rh_G_Ins_lg_and_S_cent_ins   -22.52960 0.09454415         0 -22.73237 -22.69612 -22.52960 -22.36308 -22.32682
rh_G_insular_short           -22.69058 0.09121074         0 -22.88621 -22.85124 -22.69058 -22.52993 -22.49496
rh_G_oc-temp_lat-fusifor     -21.46098 0.08974900         0 -21.65347 -21.61905 -21.46098 -21.30290 -21.26848
rh_G_oc-temp_med-Lingual     -21.88728 0.14845000         0 -22.20567 -22.14874 -21.88728 -21.62581 -21.56888
rh_G_oc-temp_med-Parahip     -21.44870 0.08640014         0 -21.63401 -21.60088 -21.44870 -21.29653 -21.26339
rh_G_occipital_middle        -22.63960 0.11905121         0 -22.89494 -22.84929 -22.63960 -22.42991 -22.38426
rh_G_occipital_sup           -22.56401 0.16516246         0 -22.91825 -22.85491 -22.56401 -22.27311 -22.20977
rh_G_orbital                 -21.89601 0.08332174         0 -22.07472 -22.04277 -21.89601 -21.74926 -21.71731
rh_G_pariet_inf-Angular      -22.94067 0.10962293         0 -23.17578 -23.13375 -22.94067 -22.74759 -22.70555
rh_G_pariet_inf-Supramar     -22.44375 0.06943690         0 -22.59267 -22.56605 -22.44375 -22.32145 -22.29482
rh_G_parietal_sup            -23.04322 0.10960530         0 -23.27830 -23.23627 -23.04322 -22.85017 -22.80814
rh_G_postcentral             -22.71016 0.06510298         0 -22.84980 -22.82483 -22.71016 -22.59550 -22.57053
rh_G_precentral              -22.90028 0.08955224         0 -23.09235 -23.05801 -22.90028 -22.74255 -22.70821
rh_G_precuneus               -22.01679 0.09125643         0 -22.21252 -22.17752 -22.01679 -21.85606 -21.82106
rh_G_rectus                  -21.70579 0.07934221         0 -21.87596 -21.84553 -21.70579 -21.56604 -21.53562
rh_G_subcallosal             -21.20877 0.09454595         0 -21.41155 -21.37530 -21.20877 -21.04225 -21.00599
rh_G_temp_sup-G_T_transv     -21.29104 0.05491982         0 -21.40883 -21.38777 -21.29104 -21.19431 -21.17325
rh_G_temp_sup-Lateral        -22.42189 0.09549080         0 -22.62670 -22.59008 -22.42189 -22.25370 -22.21708
rh_G_temp_sup-Plan_polar     -21.16817 0.07051111         0 -21.31940 -21.29236 -21.16817 -21.04398 -21.01694
rh_G_temp_sup-Plan_tempo     -21.33019 0.09083605         0 -21.52502 -21.49018 -21.33019 -21.17020 -21.13537
rh_G_temporal_inf            -22.01509 0.07555482         0 -22.17713 -22.14816 -22.01509 -21.88201 -21.85304
rh_G_temporal_middle         -23.01987 0.09715288         0 -23.22824 -23.19099 -23.01987 -22.84875 -22.81150
rh_Lat_Fis-ant-Horizont      -21.39419 0.06962708         0 -21.54353 -21.51683 -21.39419 -21.27156 -21.24486
rh_Lat_Fis-ant-Vertical      -21.35364 0.07485085         0 -21.51418 -21.48547 -21.35364 -21.22180 -21.19310
rh_Lat_Fis-post              -22.05045 0.05660616         0 -22.17186 -22.15016 -22.05045 -21.95075 -21.92905
rh_Pole_occipital            -22.02596 0.13441010         0 -22.31424 -22.26270 -22.02596 -21.78922 -21.73768
rh_Pole_temporal             -21.41379 0.08485669         0 -21.59579 -21.56325 -21.41379 -21.26433 -21.23179
rh_S_calcarine               -22.19804 0.14096891         0 -22.50039 -22.44633 -22.19804 -21.94975 -21.89569
rh_S_central                 -23.24031 0.09148883         0 -23.43653 -23.40145 -23.24031 -23.07917 -23.04408
rh_S_cingul-Marginalis       -22.22528 0.07320313         0 -22.38229 -22.35421 -22.22528 -22.09635 -22.06827
rh_S_circular_insula_ant     -21.64979 0.10275651         0 -21.87018 -21.83078 -21.64979 -21.46881 -21.42940
rh_S_circular_insula_inf     -21.62951 0.07538109         0 -21.79118 -21.76228 -21.62951 -21.49674 -21.46783
rh_S_circular_insula_sup     -22.08383 0.04863060         0 -22.18813 -22.16948 -22.08383 -21.99817 -21.97953
rh_S_collat_transv_ant       -21.61877 0.10152226         0 -21.83651 -21.79758 -21.61877 -21.43995 -21.40102
rh_S_collat_transv_post      -21.45212 0.14987364         0 -21.77357 -21.71610 -21.45212 -21.18815 -21.13068
rh_S_front_inf               -22.27617 0.07943370         0 -22.44654 -22.41608 -22.27617 -22.13627 -22.10580
rh_S_front_middle            -22.85103 0.09049219         0 -23.04512 -23.01042 -22.85103 -22.69165 -22.65694
rh_S_front_sup               -22.84349 0.09236573         0 -23.04160 -23.00618 -22.84349 -22.68081 -22.64539
rh_S_interm_prim-Jensen      -21.95245 0.14806717         0 -22.27002 -22.21324 -21.95245 -21.69166 -21.63488
rh_S_intrapariet_and_P_trans -23.05325 0.07607467         0 -23.21642 -23.18724 -23.05325 -22.91926 -22.89009
rh_S_oc_middle_and_Lunatus   -22.27018 0.14520315         0 -22.58161 -22.52593 -22.27018 -22.01443 -21.95875
rh_S_oc_sup_and_transversal  -22.37296 0.12856115         0 -22.64870 -22.59940 -22.37296 -22.14653 -22.09723
rh_S_oc-temp_lat             -21.81238 0.12300279         0 -22.07620 -22.02903 -21.81238 -21.59573 -21.54857
rh_S_oc-temp_med_and_Lingual -21.92544 0.10115835         0 -22.14240 -22.10361 -21.92544 -21.74727 -21.70847
rh_S_occipital_ant           -22.17216 0.15573711         0 -22.50618 -22.44646 -22.17216 -21.89786 -21.83814
rh_S_orbital_lateral         -22.29704 0.13210821         0 -22.58039 -22.52972 -22.29704 -22.06436 -22.01370
rh_S_orbital_med-olfact      -21.63474 0.07636469         0 -21.79853 -21.76924 -21.63474 -21.50024 -21.47095
rh_S_orbital-H_Shaped        -21.70608 0.07566901         0 -21.86838 -21.83936 -21.70608 -21.57281 -21.54379
rh_S_parieto_occipital       -22.43502 0.09618585         0 -22.64132 -22.60443 -22.43502 -22.26561 -22.22872
rh_S_pericallosal            -22.11419 0.10368560         0 -22.33657 -22.29681 -22.11419 -21.93157 -21.89180
rh_S_postcentral             -22.71816 0.09724750         0 -22.92674 -22.88944 -22.71816 -22.54688 -22.50959
rh_S_precentral-inf-part     -22.18740 0.09597923         0 -22.39325 -22.35645 -22.18740 -22.01835 -21.98154
rh_S_precentral-sup-part     -22.62718 0.08497188         0 -22.80942 -22.77684 -22.62718 -22.47752 -22.44493
rh_S_suborbital              -21.30665 0.10180313         0 -21.52499 -21.48595 -21.30665 -21.12734 -21.08830
rh_S_subparietal             -21.90785 0.09159706         0 -22.10431 -22.06918 -21.90785 -21.74652 -21.71140
rh_S_temporal_inf            -22.46514 0.09878509         0 -22.67701 -22.63913 -22.46514 -22.29115 -22.25327
rh_S_temporal_sup            -23.03366 0.10419551         0 -23.25713 -23.21718 -23.03366 -22.85013 -22.81018
rh_S_temporal_transverse     -21.05159 0.05899458         0 -21.17812 -21.15550 -21.05159 -20.94768 -20.92506


