===== Summary of variable information =====
Total number of ROIs: 148
Response variable Y - mean: 0.994270; SD: 0.241265
   Min. 1st Qu.  Median    Mean 3rd Qu.    Max. 
0.05806 0.82747 0.99843 0.99427 1.16750 1.59788 


Data structure:
'data.frame':	2219 obs. of  3 variables:
 $ Subj: Factor w/ 15 levels "1","2","3","4",..: 1 1 1 1 1 1 1 1 1 1 ...
 $ ROI : Factor w/ 148 levels "lh_G_and_S_cingul-Ant",..: 17 1 2 3 4 5 6 7 8 9 ...
 $ Y   : num  1.108 0.965 1.005 1.047 0.502 ...
Subjects:
  1   2   3   4   5   6   7   8   9  10  11  12  13  14  15 
148 148 147 148 148 148 148 148 148 148 148 148 148 148 148 
ROIs:
       lh_G_and_S_cingul-Ant    lh_G_and_S_cingul-Mid-Ant 
                          15                           15 
  lh_G_and_S_cingul-Mid-Post      lh_G_and_S_frontomargin 
                          15                           15 
    lh_G_and_S_occipital_inf       lh_G_and_S_paracentral 
                          15                           15 
       lh_G_and_S_subcentral  lh_G_and_S_transv_frontopol 
                          15                           15 
     lh_G_cingul-Post-dorsal     lh_G_cingul-Post-ventral 
                          15                           15 
                 lh_G_cuneus     lh_G_front_inf-Opercular 
                          15                           15 
      lh_G_front_inf-Orbital      lh_G_front_inf-Triangul 
                          15                           15 
           lh_G_front_middle               lh_G_front_sup 
                          15                           15 
  lh_G_Ins_lg_and_S_cent_ins           lh_G_insular_short 
                          15                           15 
    lh_G_oc-temp_lat-fusifor     lh_G_oc-temp_med-Lingual 
                          15                           15 
    lh_G_oc-temp_med-Parahip        lh_G_occipital_middle 
                          15                           15 
          lh_G_occipital_sup                 lh_G_orbital 
                          15                           15 
     lh_G_pariet_inf-Angular     lh_G_pariet_inf-Supramar 
                          15                           15 
           lh_G_parietal_sup             lh_G_postcentral 
                          15                           15 
             lh_G_precentral               lh_G_precuneus 
                          15                           15 
                 lh_G_rectus             lh_G_subcallosal 
                          15                           15 
    lh_G_temp_sup-G_T_transv        lh_G_temp_sup-Lateral 
                          15                           15 
    lh_G_temp_sup-Plan_polar     lh_G_temp_sup-Plan_tempo 
                          15                           15 
           lh_G_temporal_inf         lh_G_temporal_middle 
                          15                           15 
     lh_Lat_Fis-ant-Horizont      lh_Lat_Fis-ant-Vertical 
                          15                           15 
             lh_Lat_Fis-post            lh_Pole_occipital 
                          15                           15 
            lh_Pole_temporal               lh_S_calcarine 
                          15                           15 
                lh_S_central       lh_S_cingul-Marginalis 
                          15                           15 
    lh_S_circular_insula_ant     lh_S_circular_insula_inf 
                          15                           15 
    lh_S_circular_insula_sup       lh_S_collat_transv_ant 
                          15                           15 
     lh_S_collat_transv_post               lh_S_front_inf 
                          15                           15 
           lh_S_front_middle               lh_S_front_sup 
                          15                           15 
     lh_S_interm_prim-Jensen lh_S_intrapariet_and_P_trans 
                          15                           15 
  lh_S_oc_middle_and_Lunatus  lh_S_oc_sup_and_transversal 
                          15                           15 
            lh_S_oc-temp_lat lh_S_oc-temp_med_and_Lingual 
                          15                           15 
          lh_S_occipital_ant         lh_S_orbital_lateral 
                          15                           15 
     lh_S_orbital_med-olfact        lh_S_orbital-H_Shaped 
                          15                           15 
      lh_S_parieto_occipital            lh_S_pericallosal 
                          15                           15 
            lh_S_postcentral     lh_S_precentral-inf-part 
                          15                           15 
    lh_S_precentral-sup-part              lh_S_suborbital 
                          15                           15 
            lh_S_subparietal            lh_S_temporal_inf 
                          15                           15 
           lh_S_temporal_sup     lh_S_temporal_transverse 
                          15                           15 
       rh_G_and_S_cingul-Ant    rh_G_and_S_cingul-Mid-Ant 
                          15                           15 
  rh_G_and_S_cingul-Mid-Post      rh_G_and_S_frontomargin 
                          15                           15 
    rh_G_and_S_occipital_inf       rh_G_and_S_paracentral 
                          15                           15 
       rh_G_and_S_subcentral  rh_G_and_S_transv_frontopol 
                          15                           15 
     rh_G_cingul-Post-dorsal     rh_G_cingul-Post-ventral 
                          15                           15 
                 rh_G_cuneus     rh_G_front_inf-Opercular 
                          15                           15 
      rh_G_front_inf-Orbital      rh_G_front_inf-Triangul 
                          15                           15 
           rh_G_front_middle               rh_G_front_sup 
                          15                           15 
  rh_G_Ins_lg_and_S_cent_ins           rh_G_insular_short 
                          15                           15 
    rh_G_oc-temp_lat-fusifor     rh_G_oc-temp_med-Lingual 
                          15                           15 
    rh_G_oc-temp_med-Parahip        rh_G_occipital_middle 
                          15                           15 
          rh_G_occipital_sup                 rh_G_orbital 
                          15                           15 
     rh_G_pariet_inf-Angular                      (Other) 
                          15                          734 


10/08/25 08:55:09.332
   user  system elapsed 
257.375   1.997  90.307 

***** Summary information of model results *****

 Family: gaussian 
  Links: mu = identity 
Formula: Y ~ 1 + (1 | Subj) + (1 | ROI) 
   Data: lop$dataTable (Number of observations: 2219) 
  Draws: 4 chains, each with iter = 5000; warmup = 2500; thin = 1;
         total post-warmup draws = 10000

Multilevel Hyperparameters:
~ROI (Number of levels: 148) 
              Estimate Est.Error l-95% CI u-95% CI Rhat Bulk_ESS Tail_ESS
sd(Intercept)     0.14      0.01     0.13     0.16 1.00     1552     2809

~Subj (Number of levels: 15) 
              Estimate Est.Error l-95% CI u-95% CI Rhat Bulk_ESS Tail_ESS
sd(Intercept)     0.16      0.03     0.11     0.24 1.00     2128     3636

Regression Coefficients:
          Estimate Est.Error l-95% CI u-95% CI Rhat Bulk_ESS Tail_ESS
Intercept     1.00      0.04     0.91     1.08 1.00     1484     2879

Further Distributional Parameters:
      Estimate Est.Error l-95% CI u-95% CI Rhat Bulk_ESS Tail_ESS
sigma     0.14      0.00     0.13     0.14 1.00    13912     7255

Draws were sampled using sampling(NUTS). For each parameter, Bulk_ESS
and Tail_ESS are effective sample size measures, and Rhat is the potential
scale reduction factor on split chains (at convergence, Rhat = 1).


===== Summary of region effects for Intercept (RBA results) =====
                                  mean         SD P+      2.5%        5%       50%       95%     97.5%
lh_G_and_S_cingul-Ant        1.0832340 0.05430828  1 0.9768680 0.9931927 1.0831088 1.1709630 1.1890413
lh_G_and_S_cingul-Mid-Ant    1.0372777 0.05480766  1 0.9292320 0.9474140 1.0374124 1.1263144 1.1431701
lh_G_and_S_cingul-Mid-Post   1.0691070 0.05444867  1 0.9606259 0.9782863 1.0692827 1.1575414 1.1759316
lh_G_and_S_frontomargin      0.7417940 0.05410748  1 0.6322849 0.6524863 0.7419100 0.8290358 0.8460770
lh_G_and_S_occipital_inf     1.0190553 0.05420171  1 0.9120074 0.9310448 1.0190404 1.1082483 1.1241365
lh_G_and_S_paracentral       0.8136198 0.05433801  1 0.7051577 0.7237879 0.8137235 0.9023206 0.9175850
lh_G_and_S_subcentral        1.0331382 0.05418846  1 0.9265855 0.9441765 1.0337531 1.1214324 1.1368743
lh_G_and_S_transv_frontopol  0.5883862 0.05474057  1 0.4804633 0.4976174 0.5888230 0.6777615 0.6960148
lh_G_cingul-Post-dorsal      1.1843150 0.05477562  1 1.0774221 1.0957290 1.1845954 1.2725163 1.2921478
lh_G_cingul-Post-ventral     1.0903451 0.05517434  1 0.9815118 1.0004374 1.0903809 1.1803003 1.1971463
lh_G_cuneus                  1.1469763 0.05461247  1 1.0386771 1.0577007 1.1475293 1.2352919 1.2531149
lh_G_front_inf-Opercular     0.8418816 0.05497053  1 0.7324664 0.7512665 0.8420661 0.9311193 0.9476151
lh_G_front_inf-Orbital       0.7743562 0.05449610  1 0.6664808 0.6851379 0.7743505 0.8652929 0.8831249
lh_G_front_inf-Triangul      0.7653230 0.05431077  1 0.6592512 0.6761992 0.7660497 0.8521456 0.8704073
lh_G_front_middle            0.7843880 0.05432121  1 0.6790376 0.6969925 0.7842045 0.8731977 0.8898124
lh_G_front_sup               0.9314596 0.05441872  1 0.8242132 0.8416772 0.9313703 1.0197892 1.0381711
lh_G_Ins_lg_and_S_cent_ins   1.0909329 0.05462875  1 0.9847912 1.0017344 1.0909613 1.1803584 1.1970755
lh_G_insular_short           0.9855373 0.05475995  1 0.8770950 0.8944424 0.9859163 1.0735878 1.0919686
lh_G_oc-temp_lat-fusifor     1.1781719 0.05419973  1 1.0726248 1.0895644 1.1786544 1.2674734 1.2839901
lh_G_oc-temp_med-Lingual     1.1351047 0.05420501  1 1.0270351 1.0461649 1.1344832 1.2235847 1.2444811
lh_G_oc-temp_med-Parahip     1.1191266 0.05448019  1 1.0115745 1.0290601 1.1203507 1.2070753 1.2260587
lh_G_occipital_middle        0.8570231 0.05437565  1 0.7492153 0.7680291 0.8572462 0.9456227 0.9632072
lh_G_occipital_sup           0.9650055 0.05526784  1 0.8561573 0.8742618 0.9644147 1.0547889 1.0733917
lh_G_orbital                 0.9440934 0.05449112  1 0.8365231 0.8554335 0.9443009 1.0329457 1.0484754
lh_G_pariet_inf-Angular      0.9047972 0.05387660  1 0.7992945 0.8158020 0.9051547 0.9935435 1.0105467
lh_G_pariet_inf-Supramar     0.9063774 0.05467135  1 0.7985673 0.8175540 0.9062960 0.9962370 1.0144932
lh_G_parietal_sup            0.8076454 0.05428291  1 0.7030052 0.7186468 0.8079400 0.8965045 0.9125365
lh_G_postcentral             0.8365426 0.05407627  1 0.7289933 0.7476313 0.8368459 0.9243723 0.9399286
lh_G_precentral              0.8107375 0.05441467  1 0.7039584 0.7215134 0.8105793 0.8986402 0.9158453
lh_G_precuneus               1.1031041 0.05442297  1 0.9971020 1.0140048 1.1032741 1.1932259 1.2096667
lh_G_rectus                  0.9023326 0.05489545  1 0.7943432 0.8121937 0.9022563 0.9915877 1.0099155
lh_G_subcallosal             1.0820057 0.05449415  1 0.9747655 0.9923643 1.0825131 1.1707659 1.1906176
lh_G_temp_sup-G_T_transv     1.2644643 0.05398674  1 1.1579245 1.1754158 1.2648300 1.3514338 1.3682766
lh_G_temp_sup-Lateral        1.0358808 0.05428161  1 0.9301282 0.9473957 1.0358002 1.1238608 1.1424664
lh_G_temp_sup-Plan_polar     1.1545551 0.05404407  1 1.0489499 1.0665654 1.1545146 1.2420187 1.2608611
lh_G_temp_sup-Plan_tempo     1.0080522 0.05417980  1 0.9024751 0.9196960 1.0079932 1.0956768 1.1130839
lh_G_temporal_inf            1.0736464 0.05420713  1 0.9652095 0.9831935 1.0740493 1.1629071 1.1782985
lh_G_temporal_middle         0.9141603 0.05417169  1 0.8074653 0.8244658 0.9149371 1.0016704 1.0192404
lh_Lat_Fis-ant-Horizont      0.8867622 0.05419511  1 0.7773065 0.7967022 0.8873725 0.9754449 0.9912941
lh_Lat_Fis-ant-Vertical      0.8334734 0.05432342  1 0.7253985 0.7431190 0.8337988 0.9215010 0.9387069
lh_Lat_Fis-post              1.2537955 0.05482225  1 1.1450315 1.1637068 1.2542457 1.3428339 1.3600059
lh_Pole_occipital            1.0187435 0.05529248  1 0.9107739 0.9276345 1.0189081 1.1088438 1.1252993
lh_Pole_temporal             0.9547881 0.05452810  1 0.8469077 0.8669190 0.9546360 1.0445154 1.0606555
lh_S_calcarine               1.1975782 0.05453981  1 1.0893373 1.1083480 1.1978157 1.2863612 1.3053477
lh_S_central                 0.9423550 0.05498754  1 0.8339853 0.8512715 0.9431415 1.0315982 1.0482584
lh_S_cingul-Marginalis       1.1099934 0.05474460  1 0.9980556 1.0206584 1.1114111 1.1991432 1.2135749
lh_S_circular_insula_ant     1.0209983 0.05458184  1 0.9142268 0.9311002 1.0212619 1.1106791 1.1285808
lh_S_circular_insula_inf     1.1813952 0.05436436  1 1.0745746 1.0935203 1.1811982 1.2708615 1.2861848
lh_S_circular_insula_sup     1.1931818 0.05477523  1 1.0851969 1.1030966 1.1935760 1.2827437 1.2985897
lh_S_collat_transv_ant       0.9845901 0.05503187  1 0.8751863 0.8946603 0.9847827 1.0735397 1.0937015
lh_S_collat_transv_post      1.0246405 0.05386533  1 0.9192271 0.9366311 1.0242867 1.1125769 1.1306455
lh_S_front_inf               0.9651622 0.05458409  1 0.8554664 0.8738684 0.9655726 1.0536029 1.0684166
lh_S_front_middle            0.7880077 0.05434477  1 0.6814934 0.6988533 0.7882712 0.8764257 0.8940384
lh_S_front_sup               0.8195259 0.05440848  1 0.7118102 0.7279794 0.8199045 0.9070308 0.9247904
lh_S_interm_prim-Jensen      0.9398302 0.05448283  1 0.8314768 0.8517584 0.9395546 1.0294166 1.0469096
lh_S_intrapariet_and_P_trans 0.9859982 0.05420223  1 0.8773273 0.8974308 0.9860969 1.0736206 1.0908711
lh_S_oc_middle_and_Lunatus   0.9178592 0.05422982  1 0.8113889 0.8270662 0.9183095 1.0062769 1.0216197
lh_S_oc_sup_and_transversal  1.0132275 0.05384774  1 0.9054827 0.9237565 1.0138722 1.1008447 1.1172122
lh_S_oc-temp_lat             1.0703254 0.05399431  1 0.9634578 0.9808938 1.0699888 1.1594609 1.1761868
lh_S_oc-temp_med_and_Lingual 1.1645945 0.05442208  1 1.0572714 1.0746466 1.1648738 1.2541049 1.2704808
lh_S_occipital_ant           1.0374470 0.05426793  1 0.9297177 0.9486691 1.0379588 1.1250330 1.1430476
lh_S_orbital_lateral         0.6788508 0.05424934  1 0.5722142 0.5902381 0.6791607 0.7678468 0.7848897
lh_S_orbital_med-olfact      1.0130154 0.05454166  1 0.9054571 0.9232105 1.0130120 1.1020035 1.1199118
lh_S_orbital-H_Shaped        0.9518545 0.05451063  1 0.8437212 0.8618464 0.9521412 1.0417695 1.0579138
lh_S_parieto_occipital       1.1473560 0.05435443  1 1.0371603 1.0577021 1.1483013 1.2349199 1.2538172
lh_S_pericallosal            1.1334612 0.05452851  1 1.0264556 1.0431406 1.1336968 1.2209905 1.2378584
lh_S_postcentral             0.9126142 0.05464318  1 0.8044398 0.8234880 0.9128179 0.9997486 1.0174581
lh_S_precentral-inf-part     1.0195163 0.05402650  1 0.9130687 0.9316136 1.0194948 1.1096544 1.1268662
lh_S_precentral-sup-part     0.8545510 0.05498046  1 0.7476722 0.7643918 0.8548265 0.9454223 0.9636129
lh_S_suborbital              1.0363502 0.05421093  1 0.9304375 0.9478078 1.0362896 1.1249285 1.1443182
lh_S_subparietal             1.1996575 0.05450173  1 1.0916157 1.1099218 1.2004093 1.2885128 1.3057366
lh_S_temporal_inf            0.9857150 0.05428045  1 0.8774470 0.8967453 0.9854038 1.0755441 1.0922944
lh_S_temporal_sup            0.9267169 0.05434770  1 0.8188843 0.8368476 0.9267542 1.0156655 1.0341596
lh_S_temporal_transverse     1.1459087 0.05452396  1 1.0392919 1.0557578 1.1456445 1.2349899 1.2544514
rh_G_and_S_cingul-Ant        1.0657418 0.05425221  1 0.9565677 0.9757248 1.0661279 1.1544004 1.1697345
rh_G_and_S_cingul-Mid-Ant    1.0310595 0.05471154  1 0.9205992 0.9410583 1.0311138 1.1199108 1.1381094
rh_G_and_S_cingul-Mid-Post   1.0316604 0.05497637  1 0.9222348 0.9405258 1.0323401 1.1209654 1.1381550
rh_G_and_S_frontomargin      0.6872947 0.05478487  1 0.5790770 0.5970779 0.6872571 0.7762465 0.7944421
rh_G_and_S_occipital_inf     1.0135001 0.05454981  1 0.9062451 0.9229664 1.0138366 1.1042530 1.1214009
rh_G_and_S_paracentral       0.7734063 0.05458841  1 0.6678208 0.6842149 0.7730687 0.8624589 0.8801133
rh_G_and_S_subcentral        1.0503372 0.05395258  1 0.9443206 0.9616948 1.0503232 1.1376474 1.1569939
rh_G_and_S_transv_frontopol  0.6256510 0.05464194  1 0.5194972 0.5358734 0.6261966 0.7134165 0.7331904
rh_G_cingul-Post-dorsal      1.1770516 0.05445339  1 1.0682789 1.0869898 1.1776652 1.2651751 1.2819241
rh_G_cingul-Post-ventral     1.1323703 0.05408153  1 1.0243957 1.0429459 1.1325922 1.2191929 1.2382026
rh_G_cuneus                  1.1767986 0.05497394  1 1.0679432 1.0853893 1.1772239 1.2667426 1.2838801
rh_G_front_inf-Opercular     0.9408705 0.05450232  1 0.8325164 0.8505533 0.9410952 1.0290441 1.0469951
rh_G_front_inf-Orbital       0.8352984 0.05434799  1 0.7283202 0.7453550 0.8357754 0.9242991 0.9409128
rh_G_front_inf-Triangul      0.7929814 0.05451851  1 0.6854912 0.7028708 0.7930082 0.8828036 0.9001478
rh_G_front_middle            0.7651214 0.05479108  1 0.6576531 0.6755469 0.7647815 0.8551117 0.8715202
rh_G_front_sup               0.9334541 0.05447958  1 0.8275586 0.8450562 0.9336864 1.0224910 1.0403280
rh_G_Ins_lg_and_S_cent_ins   1.0080347 0.05415074  1 0.9025506 0.9193433 1.0082949 1.0970651 1.1134987
rh_G_insular_short           0.9649173 0.05433573  1 0.8586050 0.8772885 0.9646052 1.0530453 1.0700290
rh_G_oc-temp_lat-fusifor     1.1947625 0.05448284  1 1.0854204 1.1050156 1.1949739 1.2841230 1.3028456
rh_G_oc-temp_med-Lingual     1.1246914 0.05465414  1 1.0185234 1.0356908 1.1251013 1.2139162 1.2309326
rh_G_oc-temp_med-Parahip     1.0753453 0.05479185  1 0.9679473 0.9853423 1.0756534 1.1648273 1.1819390
rh_G_occipital_middle        0.9489895 0.05404924  1 0.8425464 0.8602324 0.9496206 1.0386281 1.0564378
rh_G_occipital_sup           0.9546842 0.05447029  1 0.8469100 0.8653362 0.9546177 1.0436485 1.0602376
rh_G_orbital                 1.0212295 0.05430529  1 0.9140917 0.9322831 1.0214068 1.1096167 1.1262812
rh_G_pariet_inf-Angular      0.9389941 0.05458907  1 0.8315023 0.8492427 0.9385397 1.0286955 1.0462889
rh_G_pariet_inf-Supramar     1.0013502 0.05475246  1 0.8954271 0.9119174 1.0012691 1.0914324 1.1070227
rh_G_parietal_sup            0.8075405 0.05422344  1 0.7024667 0.7183631 0.8087996 0.8961614 0.9145338
rh_G_postcentral             0.8930537 0.05406762  1 0.7877535 0.8045109 0.8937392 0.9806745 0.9994556
rh_G_precentral              0.8590910 0.05443628  1 0.7528131 0.7702318 0.8594505 0.9481777 0.9665918
rh_G_precuneus               1.0828035 0.05431145  1 0.9768898 0.9944595 1.0826795 1.1724556 1.1895162
rh_G_rectus                  0.9093807 0.05439163  1 0.8021427 0.8191265 0.9101648 0.9974075 1.0152075
rh_G_subcallosal             1.0931557 0.05436618  1 0.9862905 1.0034087 1.0938179 1.1801729 1.1983072
rh_G_temp_sup-G_T_transv     1.2205655 0.05407474  1 1.1109110 1.1297364 1.2215019 1.3093431 1.3267113
rh_G_temp_sup-Lateral        1.0402377 0.05490107  1 0.9317464 0.9497760 1.0404238 1.1298928 1.1476358
rh_G_temp_sup-Plan_polar     1.1204128 0.05465883  1 1.0115484 1.0306887 1.1209469 1.2090030 1.2256423
rh_G_temp_sup-Plan_tempo     1.0584130 0.05458846  1 0.9511406 0.9689921 1.0578040 1.1474354 1.1649513
rh_G_temporal_inf            1.0502703 0.05484111  1 0.9426776 0.9604751 1.0506342 1.1404021 1.1567753
rh_G_temporal_middle         0.8975739 0.05482360  1 0.7892651 0.8069961 0.8981733 0.9860855 1.0032192
rh_Lat_Fis-ant-Horizont      0.9113714 0.05435807  1 0.8041755 0.8222790 0.9118266 1.0003623 1.0180897
rh_Lat_Fis-ant-Vertical      0.9180367 0.05445615  1 0.8094841 0.8274907 0.9185538 1.0062743 1.0233318
rh_Lat_Fis-post              1.2352810 0.05469812  1 1.1283050 1.1455370 1.2360828 1.3235520 1.3431423
rh_Pole_occipital            1.0864536 0.05394729  1 0.9810448 0.9973266 1.0863116 1.1747056 1.1902698
rh_Pole_temporal             1.0134550 0.05460288  1 0.9049093 0.9223811 1.0131457 1.1030949 1.1211852
rh_S_calcarine               1.2241012 0.05423938  1 1.1183995 1.1354369 1.2242932 1.3126815 1.3319640
rh_S_central                 0.8887236 0.05454038  1 0.7823834 0.7993498 0.8889659 0.9777107 0.9959328
rh_S_cingul-Marginalis       1.0904287 0.05413237  1 0.9831713 1.0013255 1.0912312 1.1802024 1.1974864
rh_S_circular_insula_ant     1.0421769 0.05484022  1 0.9365245 0.9532428 1.0422047 1.1326412 1.1513927
rh_S_circular_insula_inf     1.1749060 0.05431275  1 1.0660870 1.0872286 1.1753307 1.2639206 1.2808679
rh_S_circular_insula_sup     1.1490748 0.05452116  1 1.0431639 1.0600240 1.1498338 1.2362206 1.2534075
rh_S_collat_transv_ant       0.9680819 0.05453089  1 0.8608424 0.8788621 0.9691995 1.0558141 1.0729712
rh_S_collat_transv_post      1.0470560 0.05380589  1 0.9408512 0.9580634 1.0474598 1.1337600 1.1527188
rh_S_front_inf               0.9862167 0.05390810  1 0.8797703 0.8971567 0.9865193 1.0750903 1.0929551
rh_S_front_middle            0.8335228 0.05447547  1 0.7270637 0.7445237 0.8340589 0.9238004 0.9395143
rh_S_front_sup               0.8620716 0.05480615  1 0.7521071 0.7717756 0.8630006 0.9505824 0.9676612
rh_S_interm_prim-Jensen      1.0073590 0.05370987  1 0.9017431 0.9186313 1.0085079 1.0939622 1.1120149
rh_S_intrapariet_and_P_trans 0.9422416 0.05383967  1 0.8375137 0.8550639 0.9417093 1.0304631 1.0487321
rh_S_oc_middle_and_Lunatus   1.0211684 0.05451711  1 0.9131669 0.9312918 1.0212690 1.1094046 1.1269440
rh_S_oc_sup_and_transversal  1.0427737 0.05402808  1 0.9382813 0.9545797 1.0424140 1.1309142 1.1486767
rh_S_oc-temp_lat             1.0457294 0.05536456  1 0.9366922 0.9545833 1.0454077 1.1373605 1.1545021
rh_S_oc-temp_med_and_Lingual 1.1632252 0.05491171  1 1.0567697 1.0742388 1.1637573 1.2529405 1.2710627
rh_S_occipital_ant           1.0422518 0.05473557  1 0.9355525 0.9529264 1.0421824 1.1335556 1.1501473
rh_S_orbital_lateral         0.7391610 0.05389087  1 0.6324161 0.6504186 0.7387940 0.8268895 0.8437428
rh_S_orbital_med-olfact      1.0421327 0.05434772  1 0.9347202 0.9528870 1.0426513 1.1300710 1.1482386
rh_S_orbital-H_Shaped        0.9974653 0.05443931  1 0.8909462 0.9075178 0.9968901 1.0856972 1.1031207
rh_S_parieto_occipital       1.1584394 0.05475480  1 1.0463001 1.0681187 1.1595579 1.2469719 1.2632337
rh_S_pericallosal            1.1064578 0.05449237  1 0.9980856 1.0175433 1.1068633 1.1951746 1.2132754
rh_S_postcentral             0.9283554 0.05357687  1 0.8209338 0.8405672 0.9291093 1.0143159 1.0308549
rh_S_precentral-inf-part     0.9998180 0.05440709  1 0.8931756 0.9103310 1.0004110 1.0886517 1.1078184
rh_S_precentral-sup-part     0.8709153 0.05377251  1 0.7648428 0.7827711 0.8715240 0.9582345 0.9762683
rh_S_suborbital              0.9543497 0.05497853  1 0.8459946 0.8645571 0.9551574 1.0438083 1.0619119
rh_S_subparietal             1.2119387 0.05410927  1 1.1067434 1.1232947 1.2118854 1.3013940 1.3194529
rh_S_temporal_inf            0.9521553 0.05445908  1 0.8444728 0.8620010 0.9527039 1.0401325 1.0582246
rh_S_temporal_sup            1.0345253 0.05494121  1 0.9258465 0.9448399 1.0349892 1.1235943 1.1410957
rh_S_temporal_transverse     1.2042381 0.05466850  1 1.0948275 1.1129190 1.2045514 1.2928434 1.3113943


===== Summary of region effects under GLM for Intercept (for reference only): no adjustment for multiplicity =====
                                  mean         SD 2-sided-p      2.5%        5%       50%       95%     97.5%
lh_G_and_S_cingul-Ant        1.0866692 0.05372935  0.00e+00 0.9714312 0.9920351 1.0866692 1.1813032 1.2019072
lh_G_and_S_cingul-Mid-Ant    1.0377337 0.03876495  0.00e+00 0.9545912 0.9694566 1.0377337 1.1060108 1.1208762
lh_G_and_S_cingul-Mid-Post   1.0717711 0.03938960  0.00e+00 0.9872888 1.0023938 1.0717711 1.1411484 1.1562534
lh_G_and_S_frontomargin      0.7231387 0.04896295  0.00e+00 0.6181236 0.6368997 0.7231387 0.8093776 0.8281538
lh_G_and_S_occipital_inf     1.0184259 0.06826872  0.00e+00 0.8720040 0.8981835 1.0184259 1.1386682 1.1648477
lh_G_and_S_paracentral       0.7992077 0.04629045  0.00e+00 0.6999246 0.7176759 0.7992077 0.8807396 0.8984909
lh_G_and_S_subcentral        1.0337692 0.03962728  0.00e+00 0.9487772 0.9639733 1.0337692 1.1035652 1.1187613
lh_G_and_S_transv_frontopol  0.5600300 0.04235978  0.00e+00 0.4691773 0.4854213 0.5600300 0.6346387 0.6508827
lh_G_cingul-Post-dorsal      1.1944847 0.03617680  0.00e+00 1.1168932 1.1307661 1.1944847 1.2582033 1.2720762
lh_G_cingul-Post-ventral     1.0946099 0.04822088  0.00e+00 0.9911863 1.0096779 1.0946099 1.1795418 1.1980333
lh_G_cuneus                  1.1548050 0.05267767  0.00e+00 1.0418226 1.0620233 1.1548050 1.2475867 1.2677874
lh_G_front_inf-Opercular     0.8295566 0.04611149  0.00e+00 0.7306573 0.7483399 0.8295566 0.9107732 0.9284559
lh_G_front_inf-Orbital       0.7573775 0.04323666  0.00e+00 0.6646441 0.6812243 0.7573775 0.8335307 0.8501109
lh_G_front_inf-Triangul      0.7485782 0.04863413  0.00e+00 0.6442684 0.6629184 0.7485782 0.8342380 0.8528881
lh_G_front_middle            0.7682153 0.04543614  0.00e+00 0.6707644 0.6881881 0.7682153 0.8482424 0.8656661
lh_G_front_sup               0.9252141 0.04076410  0.00e+00 0.8377838 0.8534159 0.9252141 0.9970123 1.0126444
lh_G_Ins_lg_and_S_cent_ins   1.0945161 0.06151241  0.00e+00 0.9625851 0.9861737 1.0945161 1.2028585 1.2264471
lh_G_insular_short           0.9828442 0.04518710  0.00e+00 0.8859275 0.9032557 0.9828442 1.0624327 1.0797609
lh_G_oc-temp_lat-fusifor     1.1877973 0.06449201  0.00e+00 1.0494757 1.0742069 1.1877973 1.3013877 1.3261189
lh_G_oc-temp_med-Lingual     1.1416951 0.05922314  0.00e+00 1.0146741 1.0373848 1.1416951 1.2460054 1.2687161
lh_G_oc-temp_med-Parahip     1.1245714 0.06222755  0.00e+00 0.9911066 1.0149694 1.1245714 1.2341735 1.2580363
lh_G_occipital_middle        0.8455208 0.07340132  2.00e-08 0.6880906 0.7162383 0.8455208 0.9748033 1.0029510
lh_G_occipital_sup           0.9606468 0.07298261  0.00e+00 0.8041147 0.8321018 0.9606468 1.0891918 1.1171789
lh_G_orbital                 0.9382887 0.04796949  0.00e+00 0.8354043 0.8537995 0.9382887 1.0227778 1.0411730
lh_G_pariet_inf-Angular      0.8972321 0.04681503  0.00e+00 0.7968239 0.8147763 0.8972321 0.9796879 0.9976403
lh_G_pariet_inf-Supramar     0.8980588 0.04619657  0.00e+00 0.7989770 0.8166923 0.8980588 0.9794253 0.9971406
lh_G_parietal_sup            0.7931094 0.05058854  0.00e+00 0.6846078 0.7040073 0.7931094 0.8822115 0.9016110
lh_G_postcentral             0.8236913 0.03903027  0.00e+00 0.7399797 0.7549469 0.8236913 0.8924357 0.9074030
lh_G_precentral              0.7964195 0.03459911  0.00e+00 0.7222118 0.7354797 0.7964195 0.8573593 0.8706272
lh_G_precuneus               1.1078421 0.04251063  0.00e+00 1.0166659 1.0329677 1.1078421 1.1827165 1.1990184
lh_G_rectus                  0.8942073 0.05449855  0.00e+00 0.7773195 0.7982185 0.8942073 0.9901962 1.0110951
lh_G_subcallosal             1.0853342 0.04983019  0.00e+00 0.9784591 0.9975678 1.0853342 1.1731006 1.1922093
lh_G_temp_sup-G_T_transv     1.2788958 0.04670368  0.00e+00 1.1787264 1.1966362 1.2788958 1.3611555 1.3790652
lh_G_temp_sup-Lateral        1.0360559 0.05652711  0.00e+00 0.9148173 0.9364941 1.0360559 1.1356177 1.1572945
lh_G_temp_sup-Plan_polar     1.1624594 0.06536781  0.00e+00 1.0222594 1.0473265 1.1624594 1.2775924 1.3026594
lh_G_temp_sup-Plan_tempo     1.0061158 0.04202525  0.00e+00 0.9159806 0.9320963 1.0061158 1.0801353 1.0962510
lh_G_temporal_inf            1.0765993 0.07733135  0.00e+00 0.9107401 0.9403949 1.0765993 1.2128038 1.2424586
lh_G_temporal_middle         0.9066949 0.07715097  1.00e-08 0.7412225 0.7708081 0.9066949 1.0425817 1.0721673
lh_Lat_Fis-ant-Horizont      0.8776259 0.04766685  0.00e+00 0.7753907 0.7936698 0.8776259 0.9615820 0.9798611
lh_Lat_Fis-ant-Vertical      0.8210935 0.04360719  0.00e+00 0.7275653 0.7442877 0.8210935 0.8978992 0.9146216
lh_Lat_Fis-post              1.2678187 0.03718584  0.00e+00 1.1880631 1.2023229 1.2678187 1.3333146 1.3475744
lh_Pole_occipital            1.0176512 0.06725590  0.00e+00 0.8734017 0.8991928 1.0176512 1.1361097 1.1619008
lh_Pole_temporal             0.9497706 0.06780119  0.00e+00 0.8043515 0.8303517 0.9497706 1.0691895 1.0951897
lh_S_calcarine               1.2083672 0.05341525  0.00e+00 1.0938029 1.1142863 1.2083672 1.3024480 1.3229315
lh_S_central                 0.9361560 0.04252229  0.00e+00 0.8449547 0.8612610 0.9361560 1.0110509 1.0273572
lh_S_cingul-Marginalis       1.1153855 0.03475858  0.00e+00 1.0408357 1.0541648 1.1153855 1.1766061 1.1899352
lh_S_circular_insula_ant     1.0202697 0.05916743  0.00e+00 0.8933682 0.9160575 1.0202697 1.1244819 1.1471712
lh_S_circular_insula_inf     1.1917005 0.06315492  0.00e+00 1.0562467 1.0804651 1.1917005 1.3029359 1.3271544
lh_S_circular_insula_sup     1.2039619 0.03505978  0.00e+00 1.1287661 1.1422107 1.2039619 1.2657130 1.2791576
lh_S_collat_transv_ant       0.9815947 0.07492867  0.00e+00 0.8208887 0.8496221 0.9815947 1.1135673 1.1423007
lh_S_collat_transv_post      1.0239257 0.05184950  0.00e+00 0.9127195 0.9326026 1.0239257 1.1152487 1.1351318
lh_S_front_inf               0.9614055 0.04201132  0.00e+00 0.8713002 0.8874105 0.9614055 1.0354005 1.0515108
lh_S_front_middle            0.7725263 0.04033864  0.00e+00 0.6860085 0.7014774 0.7725263 0.8435752 0.8590441
lh_S_front_sup               0.8059544 0.04820927  0.00e+00 0.7025558 0.7210429 0.8059544 0.8908659 0.9093530
lh_S_interm_prim-Jensen      0.9335725 0.06228351  0.00e+00 0.7999877 0.8238720 0.9335725 1.0432731 1.0671574
lh_S_intrapariet_and_P_trans 0.9829231 0.05693003  0.00e+00 0.8608204 0.8826517 0.9829231 1.0831946 1.1050259
lh_S_oc_middle_and_Lunatus   0.9105178 0.07297305  1.00e-08 0.7540062 0.7819896 0.9105178 1.0390459 1.0670294
lh_S_oc_sup_and_transversal  1.0119299 0.07126952  0.00e+00 0.8590720 0.8864022 1.0119299 1.1374576 1.1647878
lh_S_oc-temp_lat             1.0725209 0.05382558  0.00e+00 0.9570765 0.9777174 1.0725209 1.1673245 1.1879653
lh_S_oc-temp_med_and_Lingual 1.1737051 0.06625095  0.00e+00 1.0316110 1.0570167 1.1737051 1.2903936 1.3157993
lh_S_occipital_ant           1.0377461 0.07443910  0.00e+00 0.8780901 0.9066357 1.0377461 1.1688564 1.1974021
lh_S_orbital_lateral         0.6559991 0.04870379  0.00e+00 0.5515399 0.5702167 0.6559991 0.7417816 0.7604584
lh_S_orbital_med-olfact      1.0120546 0.05213611  0.00e+00 0.9002338 0.9202267 1.0120546 1.1038824 1.1238754
lh_S_orbital-H_Shaped        0.9469105 0.04496603  0.00e+00 0.8504680 0.8677114 0.9469105 1.0261097 1.0433531
lh_S_parieto_occipital       1.1551943 0.03978243  0.00e+00 1.0698695 1.0851251 1.1551943 1.2252635 1.2405191
lh_S_pericallosal            1.1402232 0.04822773  0.00e+00 1.0367850 1.0552792 1.1402232 1.2251672 1.2436614
lh_S_postcentral             0.9047357 0.03167090  0.00e+00 0.8368083 0.8489534 0.9047357 0.9605179 0.9726630
lh_S_precentral-inf-part     1.0188657 0.04538229  0.00e+00 0.9215304 0.9389334 1.0188657 1.0987980 1.1162010
lh_S_precentral-sup-part     0.8432024 0.04534398  0.00e+00 0.7459492 0.7633376 0.8432024 0.9230672 0.9404555
lh_S_suborbital              1.0367230 0.05772021  0.00e+00 0.9129254 0.9350598 1.0367230 1.1383862 1.1605205
lh_S_subparietal             1.2104841 0.03761313  0.00e+00 1.1298119 1.1442357 1.2104841 1.2767324 1.2911562
lh_S_temporal_inf            0.9828598 0.06846443  0.00e+00 0.8360182 0.8622727 0.9828598 1.1034469 1.1297014
lh_S_temporal_sup            0.9198848 0.08325946  3.00e-08 0.7413110 0.7732391 0.9198848 1.0665305 1.0984586
lh_S_temporal_transverse     1.1532776 0.05873448  0.00e+00 1.0273046 1.0498279 1.1532776 1.2567272 1.2792505
rh_G_and_S_cingul-Ant        1.0677824 0.04352138  0.00e+00 0.9744384 0.9911278 1.0677824 1.1444371 1.1611265
rh_G_and_S_cingul-Mid-Ant    1.0306924 0.03834810  0.00e+00 0.9484439 0.9631495 1.0306924 1.0982353 1.1129409
rh_G_and_S_cingul-Mid-Post   1.0316736 0.03733093  0.00e+00 0.9516067 0.9659222 1.0316736 1.0974249 1.1117405
rh_G_and_S_frontomargin      0.6647634 0.05664002  1.00e-08 0.5432826 0.5650027 0.6647634 0.7645240 0.7862441
rh_G_and_S_occipital_inf     1.0124704 0.07513111  0.00e+00 0.8513302 0.8801412 1.0124704 1.1447996 1.1736106
rh_G_and_S_paracentral       0.7564969 0.03166513  0.00e+00 0.6885820 0.7007248 0.7564969 0.8122690 0.8244118
rh_G_and_S_subcentral        1.0514467 0.03975999  0.00e+00 0.9661700 0.9814170 1.0514467 1.1214763 1.1367234
rh_G_and_S_transv_frontopol  0.5989307 0.07460578  1.31e-06 0.4389172 0.4675268 0.5989307 0.7303346 0.7589442
rh_G_cingul-Post-dorsal      1.1867036 0.03513305  0.00e+00 1.1113507 1.1248234 1.1867036 1.2485838 1.2620565
rh_G_cingul-Post-ventral     1.1384644 0.04861465  0.00e+00 1.0341963 1.0528389 1.1384644 1.2240899 1.2427325
rh_G_cuneus                  1.1860439 0.06261483  0.00e+00 1.0517485 1.0757598 1.1860439 1.2963281 1.3203394
rh_G_front_inf-Opercular     0.9351381 0.04462728  0.00e+00 0.8394221 0.8565356 0.9351381 1.0137405 1.0308541
rh_G_front_inf-Orbital       0.8224843 0.05440718  0.00e+00 0.7057925 0.7266564 0.8224843 0.9183122 0.9391761
rh_G_front_inf-Triangul      0.7773402 0.04392699  0.00e+00 0.6831262 0.6999712 0.7773402 0.8547093 0.8715543
rh_G_front_middle            0.7479479 0.03658240  0.00e+00 0.6694864 0.6835149 0.7479479 0.8123808 0.8264093
rh_G_front_sup               0.9269813 0.04902168  0.00e+00 0.8218402 0.8406389 0.9269813 1.0133237 1.0321223
rh_G_Ins_lg_and_S_cent_ins   1.0067333 0.04856596  0.00e+00 0.9025697 0.9211936 1.0067333 1.0922730 1.1108970
rh_G_insular_short           0.9605142 0.03855959  0.00e+00 0.8778121 0.8925988 0.9605142 1.0284296 1.0432163
rh_G_oc-temp_lat-fusifor     1.2055114 0.04934386  0.00e+00 1.0996794 1.1186016 1.2055114 1.2924213 1.3113435
rh_G_oc-temp_med-Lingual     1.1307704 0.05478762  0.00e+00 1.0132626 1.0342724 1.1307704 1.2272683 1.2482781
rh_G_oc-temp_med-Parahip     1.0782733 0.05137666  0.00e+00 0.9680814 0.9877831 1.0782733 1.1687636 1.1884653
rh_G_occipital_middle        0.9436213 0.07244707  0.00e+00 0.7882378 0.8160195 0.9436213 1.0712231 1.0990048
rh_G_occipital_sup           0.9494088 0.07538126  1.00e-08 0.7877321 0.8166390 0.9494088 1.0821786 1.1110855
rh_G_orbital                 1.0205049 0.05247400  0.00e+00 0.9079594 0.9280820 1.0205049 1.1129279 1.1330505
rh_G_pariet_inf-Angular      0.9334892 0.05232126  0.00e+00 0.8212713 0.8413352 0.9334892 1.0256432 1.0457072
rh_G_pariet_inf-Supramar     0.9992306 0.04971003  0.00e+00 0.8926131 0.9116758 0.9992306 1.0867853 1.1058480
rh_G_parietal_sup            0.7931178 0.05540728  0.00e+00 0.6742810 0.6955284 0.7931178 0.8907072 0.9119546
rh_G_postcentral             0.8844116 0.03120796  0.00e+00 0.8174772 0.8294447 0.8844116 0.9393785 0.9513460
rh_G_precentral              0.8484679 0.03545462  0.00e+00 0.7724254 0.7860214 0.8484679 0.9109145 0.9245105
rh_G_precuneus               1.0859971 0.04006341  0.00e+00 1.0000696 1.0154330 1.0859971 1.1565612 1.1719246
rh_G_rectus                  0.9011112 0.05513247  0.00e+00 0.7828638 0.8040058 0.9011112 0.9982166 1.0193586
rh_G_subcallosal             1.0972006 0.05322917  0.00e+00 0.9830354 1.0034475 1.0972006 1.1909537 1.2113658
rh_G_temp_sup-G_T_transv     1.2329668 0.03179660  0.00e+00 1.1647698 1.1769631 1.2329668 1.2889704 1.3011637
rh_G_temp_sup-Lateral        1.0411211 0.04522759  0.00e+00 0.9441176 0.9614613 1.0411211 1.1207810 1.1381247
rh_G_temp_sup-Plan_polar     1.1263773 0.04418961  0.00e+00 1.0316000 1.0485457 1.1263773 1.2042089 1.2211546
rh_G_temp_sup-Plan_tempo     1.0600977 0.03999961  0.00e+00 0.9743071 0.9896460 1.0600977 1.1305494 1.1458883
rh_G_temporal_inf            1.0517680 0.03428977  0.00e+00 0.9782238 0.9913731 1.0517680 1.1121630 1.1253123
rh_G_temporal_middle         0.8893538 0.05693577  0.00e+00 0.7672388 0.7890723 0.8893538 0.9896354 1.0114689
rh_Lat_Fis-ant-Horizont      0.9037217 0.04328848  0.00e+00 0.8108772 0.8274773 0.9037217 0.9799661 0.9965663
rh_Lat_Fis-ant-Vertical      0.9108460 0.04337506  0.00e+00 0.8178158 0.8344491 0.9108460 0.9872430 1.0038763
rh_Lat_Fis-post              1.2485360 0.03305182  0.00e+00 1.1776469 1.1903215 1.2485360 1.3067505 1.3194251
rh_Pole_occipital            1.0902630 0.06940617  0.00e+00 0.9414016 0.9680173 1.0902630 1.2125088 1.2391245
rh_Pole_temporal             1.0123512 0.04544631  0.00e+00 0.9148786 0.9323062 1.0123512 1.0923963 1.1098239
rh_S_calcarine               1.2368157 0.04973584  0.00e+00 1.1301429 1.1492154 1.2368157 1.3244159 1.3434884
rh_S_central                 0.8794639 0.04104771  0.00e+00 0.7914253 0.8071661 0.8794639 0.9517616 0.9675025
rh_S_cingul-Marginalis       1.0940579 0.02947905  0.00e+00 1.0308317 1.0421362 1.0940579 1.1459797 1.1572842
rh_S_circular_insula_ant     1.0428768 0.05059274  0.00e+00 0.9343662 0.9537673 1.0428768 1.1319863 1.1513875
rh_S_circular_insula_inf     1.1843471 0.04187081  0.00e+00 1.0945432 1.1105996 1.1843471 1.2580946 1.2741511
rh_S_circular_insula_sup     1.1563214 0.03519538  0.00e+00 1.0808349 1.0943315 1.1563214 1.2183114 1.2318080
rh_S_collat_transv_ant       0.9640778 0.04450926  0.00e+00 0.8686150 0.8856832 0.9640778 1.0424724 1.0595407
rh_S_collat_transv_post      1.0481365 0.06207368  0.00e+00 0.9150017 0.9388055 1.0481365 1.1574675 1.1812713
rh_S_front_inf               0.9832258 0.04001547  0.00e+00 0.8974011 0.9127461 0.9832258 1.0537054 1.0690504
rh_S_front_middle            0.8211449 0.04366132  0.00e+00 0.7275007 0.7442438 0.8211449 0.8980461 0.9147892
rh_S_front_sup               0.8510113 0.04262950  0.00e+00 0.7595801 0.7759276 0.8510113 0.9260951 0.9424425
rh_S_interm_prim-Jensen      1.0054616 0.03559637  0.00e+00 0.9291150 0.9427654 1.0054616 1.0681579 1.0818083
rh_S_intrapariet_and_P_trans 0.9367795 0.03694174  0.00e+00 0.8575473 0.8717136 0.9367795 1.0018453 1.0160116
rh_S_oc_middle_and_Lunatus   1.0203885 0.06736655  0.00e+00 0.8759016 0.9017351 1.0203885 1.1390419 1.1648754
rh_S_oc_sup_and_transversal  1.0439065 0.05524359  0.00e+00 0.9254208 0.9466054 1.0439065 1.1412076 1.1623923
rh_S_oc-temp_lat             1.0468567 0.05168792  0.00e+00 0.9359971 0.9558182 1.0468567 1.1378951 1.1577162
rh_S_oc-temp_med_and_Lingual 1.1719062 0.05306738  0.00e+00 1.0580880 1.0784381 1.1719062 1.2653743 1.2857244
rh_S_occipital_ant           1.0435536 0.06290092  0.00e+00 0.9086446 0.9327656 1.0435536 1.1543416 1.1784627
rh_S_orbital_lateral         0.7203919 0.05201407  0.00e+00 0.6088329 0.6287790 0.7203919 0.8120049 0.8319510
rh_S_orbital_med-olfact      1.0431498 0.05016092  0.00e+00 0.9355653 0.9548008 1.0431498 1.1314987 1.1507343
rh_S_orbital-H_Shaped        0.9951958 0.04468865  0.00e+00 0.8993481 0.9164852 0.9951958 1.0739063 1.0910434
rh_S_parieto_occipital       1.1664091 0.04359567  0.00e+00 1.0729057 1.0896236 1.1664091 1.2431946 1.2599125
rh_S_pericallosal            1.1114860 0.05326579  0.00e+00 0.9972422 1.0176684 1.1114860 1.2053035 1.2257297
rh_S_postcentral             0.9219439 0.03254925  0.00e+00 0.8521327 0.8646145 0.9219439 0.9792732 0.9917551
rh_S_precentral-inf-part     0.9977364 0.04071996  0.00e+00 0.9104008 0.9260160 0.9977364 1.0694569 1.0850721
rh_S_precentral-sup-part     0.8602350 0.03671020  0.00e+00 0.7814995 0.7955770 0.8602350 0.9248931 0.9389706
rh_S_suborbital              0.9381386 0.07234857  1.00e-08 0.7829664 0.8107104 0.9381386 1.0655669 1.0933109
rh_S_subparietal             1.2239081 0.03337883  0.00e+00 1.1523176 1.1651176 1.2239081 1.2826985 1.2954985
rh_S_temporal_inf            0.9470039 0.05760221  0.00e+00 0.8234594 0.8455485 0.9470039 1.0484592 1.0705483
rh_S_temporal_sup            1.0348793 0.05265751  0.00e+00 0.9219401 0.9421331 1.0348793 1.1276255 1.1478184
rh_S_temporal_transverse     1.2155279 0.04567907  0.00e+00 1.1175561 1.1350729 1.2155279 1.2959829 1.3134998


