===== Summary of variable information =====
Total number of ROIs: 148
Response variable Y - mean: 0.093197; SD: 0.118858
    Min.  1st Qu.   Median     Mean  3rd Qu.     Max. 
-0.03903  0.01710  0.04989  0.09320  0.12517  0.73955 


Data structure:
'data.frame':	2219 obs. of  3 variables:
 $ Subj: Factor w/ 15 levels "1","2","3","4",..: 1 1 1 1 1 1 1 1 1 1 ...
 $ ROI : Factor w/ 148 levels "lh_G_and_S_cingul-Ant",..: 17 1 2 3 4 5 6 7 8 9 ...
 $ Y   : num  0.17831 0.00286 0.06251 0.1053 0.0063 ...
Subjects:
  1   2   3   4   5   6   7   8   9  10  11  12  13  14  15 
148 148 147 148 148 148 148 148 148 148 148 148 148 148 148 
ROIs:
       lh_G_and_S_cingul-Ant    lh_G_and_S_cingul-Mid-Ant 
                          15                           15 
  lh_G_and_S_cingul-Mid-Post      lh_G_and_S_frontomargin 
                          15                           15 
    lh_G_and_S_occipital_inf       lh_G_and_S_paracentral 
                          15                           15 
       lh_G_and_S_subcentral  lh_G_and_S_transv_frontopol 
                          15                           15 
     lh_G_cingul-Post-dorsal     lh_G_cingul-Post-ventral 
                          15                           15 
                 lh_G_cuneus     lh_G_front_inf-Opercular 
                          15                           15 
      lh_G_front_inf-Orbital      lh_G_front_inf-Triangul 
                          15                           15 
           lh_G_front_middle               lh_G_front_sup 
                          15                           15 
  lh_G_Ins_lg_and_S_cent_ins           lh_G_insular_short 
                          15                           15 
    lh_G_oc-temp_lat-fusifor     lh_G_oc-temp_med-Lingual 
                          15                           15 
    lh_G_oc-temp_med-Parahip        lh_G_occipital_middle 
                          15                           15 
          lh_G_occipital_sup                 lh_G_orbital 
                          15                           15 
     lh_G_pariet_inf-Angular     lh_G_pariet_inf-Supramar 
                          15                           15 
           lh_G_parietal_sup             lh_G_postcentral 
                          15                           15 
             lh_G_precentral               lh_G_precuneus 
                          15                           15 
                 lh_G_rectus             lh_G_subcallosal 
                          15                           15 
    lh_G_temp_sup-G_T_transv        lh_G_temp_sup-Lateral 
                          15                           15 
    lh_G_temp_sup-Plan_polar     lh_G_temp_sup-Plan_tempo 
                          15                           15 
           lh_G_temporal_inf         lh_G_temporal_middle 
                          15                           15 
     lh_Lat_Fis-ant-Horizont      lh_Lat_Fis-ant-Vertical 
                          15                           15 
             lh_Lat_Fis-post            lh_Pole_occipital 
                          15                           15 
            lh_Pole_temporal               lh_S_calcarine 
                          15                           15 
                lh_S_central       lh_S_cingul-Marginalis 
                          15                           15 
    lh_S_circular_insula_ant     lh_S_circular_insula_inf 
                          15                           15 
    lh_S_circular_insula_sup       lh_S_collat_transv_ant 
                          15                           15 
     lh_S_collat_transv_post               lh_S_front_inf 
                          15                           15 
           lh_S_front_middle               lh_S_front_sup 
                          15                           15 
     lh_S_interm_prim-Jensen lh_S_intrapariet_and_P_trans 
                          15                           15 
  lh_S_oc_middle_and_Lunatus  lh_S_oc_sup_and_transversal 
                          15                           15 
            lh_S_oc-temp_lat lh_S_oc-temp_med_and_Lingual 
                          15                           15 
          lh_S_occipital_ant         lh_S_orbital_lateral 
                          15                           15 
     lh_S_orbital_med-olfact        lh_S_orbital-H_Shaped 
                          15                           15 
      lh_S_parieto_occipital            lh_S_pericallosal 
                          15                           15 
            lh_S_postcentral     lh_S_precentral-inf-part 
                          15                           15 
    lh_S_precentral-sup-part              lh_S_suborbital 
                          15                           15 
            lh_S_subparietal            lh_S_temporal_inf 
                          15                           15 
           lh_S_temporal_sup     lh_S_temporal_transverse 
                          15                           15 
       rh_G_and_S_cingul-Ant    rh_G_and_S_cingul-Mid-Ant 
                          15                           15 
  rh_G_and_S_cingul-Mid-Post      rh_G_and_S_frontomargin 
                          15                           15 
    rh_G_and_S_occipital_inf       rh_G_and_S_paracentral 
                          15                           15 
       rh_G_and_S_subcentral  rh_G_and_S_transv_frontopol 
                          15                           15 
     rh_G_cingul-Post-dorsal     rh_G_cingul-Post-ventral 
                          15                           15 
                 rh_G_cuneus     rh_G_front_inf-Opercular 
                          15                           15 
      rh_G_front_inf-Orbital      rh_G_front_inf-Triangul 
                          15                           15 
           rh_G_front_middle               rh_G_front_sup 
                          15                           15 
  rh_G_Ins_lg_and_S_cent_ins           rh_G_insular_short 
                          15                           15 
    rh_G_oc-temp_lat-fusifor     rh_G_oc-temp_med-Lingual 
                          15                           15 
    rh_G_oc-temp_med-Parahip        rh_G_occipital_middle 
                          15                           15 
          rh_G_occipital_sup                 rh_G_orbital 
                          15                           15 
     rh_G_pariet_inf-Angular                      (Other) 
                          15                          734 


09/28/25 14:52:48.606
   user  system elapsed 
115.078   1.700  48.368 

***** Summary information of model results *****

 Family: student 
  Links: mu = identity 
Formula: Y ~ 1 + (1 | Subj) + (1 | ROI) 
   Data: lop$dataTable (Number of observations: 2219) 
  Draws: 4 chains, each with iter = 2000; warmup = 1000; thin = 1;
         total post-warmup draws = 4000

Multilevel Hyperparameters:
~ROI (Number of levels: 148) 
              Estimate Est.Error l-95% CI u-95% CI Rhat Bulk_ESS Tail_ESS
sd(Intercept)     0.06      0.00     0.05     0.07 1.01      490      936

~Subj (Number of levels: 15) 
              Estimate Est.Error l-95% CI u-95% CI Rhat Bulk_ESS Tail_ESS
sd(Intercept)     0.03      0.01     0.02     0.05 1.00      906     1679

Regression Coefficients:
          Estimate Est.Error l-95% CI u-95% CI Rhat Bulk_ESS Tail_ESS
Intercept     0.07      0.01     0.05     0.09 1.01      422      612

Further Distributional Parameters:
      Estimate Est.Error l-95% CI u-95% CI Rhat Bulk_ESS Tail_ESS
sigma     0.04      0.00     0.04     0.04 1.00     2644     2745
nu        1.95      0.14     1.70     2.24 1.00     2666     2931

Draws were sampled using sampling(NUTS). For each parameter, Bulk_ESS
and Tail_ESS are effective sample size measures, and Rhat is the potential
scale reduction factor on split chains (at convergence, Rhat = 1).


===== Summary of region effects for Intercept (RBA results) =====
                                   mean         SD      P+        2.5%          5%        50%        95%      97.5%
lh_G_and_S_cingul-Ant        0.02416043 0.01313824 0.96700 -0.00167452  0.00267968 0.02408830 0.04565322 0.04983301
lh_G_and_S_cingul-Mid-Ant    0.03381835 0.01383393 0.99275  0.00775961  0.01159533 0.03345704 0.05652016 0.06120255
lh_G_and_S_cingul-Mid-Post   0.05563819 0.01527981 0.99950  0.02698054  0.03162787 0.05493605 0.08166879 0.08823946
lh_G_and_S_frontomargin      0.02575834 0.01399614 0.97025 -0.00098485  0.00334670 0.02570774 0.04846700 0.05353787
lh_G_and_S_occipital_inf     0.00836511 0.01401294 0.72375 -0.01824254 -0.01418323 0.00818004 0.03139148 0.03564110
lh_G_and_S_paracentral       0.03202161 0.01330765 0.99175  0.00586022  0.01016433 0.03216920 0.05367279 0.05885670
lh_G_and_S_subcentral        0.15094383 0.02703290 1.00000  0.10126308  0.10798394 0.15011163 0.19696829 0.20509368
lh_G_and_S_transv_frontopol  0.02507027 0.01324041 0.96900 -0.00136409  0.00343650 0.02502544 0.04724311 0.05168506
lh_G_cingul-Post-dorsal      0.05594707 0.01452269 1.00000  0.02847251  0.03309069 0.05554106 0.07985111 0.08492430
lh_G_cingul-Post-ventral     0.06784492 0.01477817 1.00000  0.03825057  0.04342675 0.06800007 0.09152707 0.09627076
lh_G_cuneus                  0.02036549 0.01331452 0.94100 -0.00555887 -0.00143833 0.02011756 0.04276844 0.04697029
lh_G_front_inf-Opercular     0.05695779 0.01585268 0.99975  0.02665509  0.03161972 0.05671205 0.08352766 0.08869013
lh_G_front_inf-Orbital       0.05309960 0.01364429 0.99975  0.02708490  0.03068440 0.05309467 0.07552281 0.07993098
lh_G_front_inf-Triangul      0.06094039 0.01567594 1.00000  0.03019593  0.03510468 0.06104614 0.08672856 0.09168399
lh_G_front_middle            0.02681599 0.01313107 0.97925  0.00084117  0.00579826 0.02666905 0.04826671 0.05292458
lh_G_front_sup               0.02742202 0.01370851 0.97975  0.00102865  0.00566781 0.02714980 0.04968782 0.05514300
lh_G_Ins_lg_and_S_cent_ins   0.10538652 0.02224515 1.00000  0.06183323  0.06885054 0.10542344 0.14265795 0.14941386
lh_G_insular_short           0.07107493 0.01817922 0.99975  0.03728534  0.04221365 0.07059759 0.10163200 0.10845831
lh_G_oc-temp_lat-fusifor     0.09320652 0.01474878 1.00000  0.06415773  0.06877411 0.09328565 0.11796094 0.12198295
lh_G_oc-temp_med-Lingual     0.02276426 0.01437529 0.94325 -0.00512017 -0.00076822 0.02278043 0.04692283 0.05120987
lh_G_oc-temp_med-Parahip     0.06584409 0.01360732 0.99975  0.03977604  0.04399297 0.06596347 0.08815128 0.09249306
lh_G_occipital_middle        0.01316828 0.01429417 0.82225 -0.01501604 -0.01082233 0.01367368 0.03658371 0.04068626
lh_G_occipital_sup           0.01010452 0.01426920 0.76325 -0.01762445 -0.01298384 0.01002869 0.03357844 0.03870012
lh_G_orbital                 0.14895468 0.01596389 1.00000  0.11660577  0.12268522 0.14906659 0.17492186 0.17978179
lh_G_pariet_inf-Angular      0.04281028 0.01410998 0.99950  0.01534088  0.01948334 0.04251280 0.06661459 0.07148587
lh_G_pariet_inf-Supramar     0.14209262 0.01964134 1.00000  0.10572648  0.11134439 0.14106023 0.17482690 0.18215012
lh_G_parietal_sup            0.02349279 0.01328280 0.96150 -0.00280652  0.00166031 0.02349675 0.04494655 0.04827267
lh_G_postcentral             0.09724729 0.01854896 1.00000  0.06342570  0.06863175 0.09641501 0.12889987 0.13636362
lh_G_precentral              0.06261228 0.01967908 0.99975  0.02611399  0.03176275 0.06166051 0.09684605 0.10340165
lh_G_precuneus               0.02446159 0.01385578 0.96725 -0.00148071  0.00212565 0.02429588 0.04740730 0.05202617
lh_G_rectus                  0.04590917 0.01433459 0.99925  0.01779663  0.02285661 0.04569862 0.06970707 0.07434057
lh_G_subcallosal             0.06106916 0.01664360 1.00000  0.02930566  0.03408647 0.06092435 0.08828405 0.09290475
lh_G_temp_sup-G_T_transv     0.25378533 0.05609880 1.00000  0.15646019  0.16609441 0.25463903 0.34217128 0.35230737
lh_G_temp_sup-Lateral        0.08582191 0.01815418 1.00000  0.05107034  0.05623750 0.08536811 0.11669929 0.12318088
lh_G_temp_sup-Plan_polar     0.09165653 0.01692875 1.00000  0.05929790  0.06400279 0.09153421 0.11962003 0.12593422
lh_G_temp_sup-Plan_tempo     0.23619627 0.02284000 1.00000  0.19259935  0.19945630 0.23604070 0.27308558 0.28014053
lh_G_temporal_inf            0.08843233 0.01517853 1.00000  0.05933727  0.06418326 0.08860212 0.11407226 0.11887309
lh_G_temporal_middle         0.07315797 0.01657312 0.99975  0.04173397  0.04621199 0.07276436 0.10068403 0.10622746
lh_Lat_Fis-ant-Horizont      0.05490609 0.01465390 0.99975  0.02571950  0.03056939 0.05497886 0.07902557 0.08382686
lh_Lat_Fis-ant-Vertical      0.10250095 0.01779380 1.00000  0.06825669  0.07389307 0.10223896 0.13115643 0.13823509
lh_Lat_Fis-post              0.11828450 0.01838331 1.00000  0.08143565  0.08792550 0.11844297 0.14784500 0.15408282
lh_Pole_occipital            0.00715628 0.01329548 0.70200 -0.01885434 -0.01478269 0.00723209 0.02835414 0.03311001
lh_Pole_temporal             0.03662263 0.01441094 0.99375  0.00911563  0.01293138 0.03668032 0.06015316 0.06484689
lh_S_calcarine               0.04007018 0.01407561 0.99725  0.01182818  0.01726170 0.04016797 0.06370702 0.06830598
lh_S_central                 0.10779907 0.01902018 1.00000  0.07079894  0.07678651 0.10749498 0.13901679 0.14515457
lh_S_cingul-Marginalis       0.05045670 0.01386242 1.00000  0.02312565  0.02807474 0.05024128 0.07353591 0.07858943
lh_S_circular_insula_ant     0.04539835 0.01440245 0.99925  0.01759771  0.02187994 0.04536872 0.06873106 0.07409844
lh_S_circular_insula_inf     0.07448477 0.01847246 1.00000  0.04147090  0.04613137 0.07361154 0.10553083 0.11296812
lh_S_circular_insula_sup     0.09254933 0.02233780 1.00000  0.05364834  0.05891147 0.09082775 0.13226292 0.14299018
lh_S_collat_transv_ant       0.06899276 0.01588427 1.00000  0.03887098  0.04318013 0.06874075 0.09563498 0.10125482
lh_S_collat_transv_post      0.01506833 0.01359733 0.87075 -0.01175936 -0.00705375 0.01506390 0.03689148 0.04211570
lh_S_front_inf               0.11662859 0.01720193 1.00000  0.08240996  0.08833124 0.11657296 0.14478144 0.14999318
lh_S_front_middle            0.02442668 0.01357309 0.96550 -0.00177196  0.00205598 0.02440507 0.04667360 0.05019047
lh_S_front_sup               0.02850719 0.01403573 0.97900  0.00077741  0.00573407 0.02842233 0.05223355 0.05696529
lh_S_interm_prim-Jensen      0.05770958 0.01434508 1.00000  0.02988315  0.03412898 0.05781867 0.08088306 0.08557961
lh_S_intrapariet_and_P_trans 0.04140078 0.01535012 0.99675  0.01158167  0.01671364 0.04125690 0.06707654 0.07311324
lh_S_oc_middle_and_Lunatus   0.01361423 0.01398360 0.83375 -0.01416803 -0.00943325 0.01376670 0.03655812 0.04157563
lh_S_oc_sup_and_transversal  0.02543640 0.01357433 0.97050 -0.00068358  0.00329546 0.02563146 0.04797862 0.05263174
lh_S_oc-temp_lat             0.09071495 0.01436042 1.00000  0.06275565  0.06683404 0.09079082 0.11438231 0.11946771
lh_S_oc-temp_med_and_Lingual 0.12571799 0.01638394 1.00000  0.09284038  0.09886513 0.12555673 0.15315775 0.15813133
lh_S_occipital_ant           0.04254247 0.01424291 0.99750  0.01551651  0.01950151 0.04236245 0.06593635 0.07109893
lh_S_orbital_lateral         0.02438822 0.01457063 0.95425 -0.00436001  0.00065145 0.02428372 0.04850695 0.05331048
lh_S_orbital_med-olfact      0.18167248 0.02032031 1.00000  0.14051772  0.14725016 0.18224820 0.21348618 0.21965447
lh_S_orbital-H_Shaped        0.12250031 0.01598529 1.00000  0.09128673  0.09570928 0.12254753 0.14874918 0.15362772
lh_S_parieto_occipital       0.02124186 0.01330231 0.94800 -0.00389355 -0.00014150 0.02113030 0.04327452 0.04724923
lh_S_pericallosal            0.05052440 0.01377103 0.99975  0.02397151  0.02806435 0.05059511 0.07303179 0.07775676
lh_S_postcentral             0.05972733 0.01633100 0.99975  0.02800205  0.03241139 0.05999627 0.08629974 0.09163328
lh_S_precentral-inf-part     0.14274640 0.02627527 1.00000  0.09687257  0.10303968 0.14048904 0.19030660 0.20011577
lh_S_precentral-sup-part     0.05951534 0.01528378 1.00000  0.02970990  0.03469508 0.05954041 0.08435787 0.08962746
lh_S_suborbital              0.03219674 0.01403098 0.98825  0.00523742  0.00896539 0.03244680 0.05548883 0.06074160
lh_S_subparietal             0.05223787 0.01477787 0.99975  0.02318046  0.02783420 0.05229194 0.07550143 0.08051413
lh_S_temporal_inf            0.06599854 0.01642797 1.00000  0.03580467  0.04026316 0.06539790 0.09402348 0.09957473
lh_S_temporal_sup            0.05138119 0.01475783 0.99925  0.02222962  0.02730087 0.05142793 0.07528477 0.08026502
lh_S_temporal_transverse     0.20214859 0.01913144 1.00000  0.16327032  0.16997322 0.20259065 0.23266476 0.23901183
rh_G_and_S_cingul-Ant        0.02395829 0.01409130 0.96175 -0.00218895  0.00141614 0.02361149 0.04738405 0.05185015
rh_G_and_S_cingul-Mid-Ant    0.05290185 0.01517362 0.99950  0.02355724  0.02863333 0.05291585 0.07846223 0.08343647
rh_G_and_S_cingul-Mid-Post   0.04990676 0.01380682 1.00000  0.02317716  0.02733503 0.04987774 0.07317246 0.07752392
rh_G_and_S_frontomargin      0.03779891 0.01314330 0.99800  0.01187477  0.01618044 0.03746838 0.05922751 0.06388315
rh_G_and_S_occipital_inf     0.01792752 0.01396695 0.90775 -0.00947012 -0.00495359 0.01759100 0.04139564 0.04591013
rh_G_and_S_paracentral       0.02179091 0.01360774 0.94650 -0.00495596 -0.00041455 0.02170726 0.04421819 0.04921536
rh_G_and_S_subcentral        0.20518493 0.04461175 1.00000  0.13121552  0.13818829 0.20120528 0.28295108 0.29705942
rh_G_and_S_transv_frontopol  0.03815209 0.01389551 0.99650  0.01129008  0.01570876 0.03784928 0.06135788 0.06618891
rh_G_cingul-Post-dorsal      0.05720188 0.01481184 0.99975  0.02827378  0.03358385 0.05721118 0.08145656 0.08624213
rh_G_cingul-Post-ventral     0.07329654 0.01829311 1.00000  0.03862386  0.04399548 0.07320233 0.10410234 0.11063887
rh_G_cuneus                  0.02038051 0.01449369 0.92350 -0.00756307 -0.00316679 0.02011453 0.04451625 0.04899239
rh_G_front_inf-Opercular     0.10222314 0.01666801 1.00000  0.07110551  0.07619478 0.10154542 0.13087758 0.13681982
rh_G_front_inf-Orbital       0.05754714 0.01440418 0.99975  0.02913341  0.03457861 0.05776430 0.08118227 0.08687173
rh_G_front_inf-Triangul      0.06372435 0.01528529 1.00000  0.03440759  0.03840613 0.06338393 0.08907824 0.09488051
rh_G_front_middle            0.03655658 0.01349539 0.99600  0.01093524  0.01503070 0.03615600 0.05932442 0.06369031
rh_G_front_sup               0.02250276 0.01423234 0.94425 -0.00505101 -0.00074064 0.02229303 0.04639177 0.05137797
rh_G_Ins_lg_and_S_cent_ins   0.05456291 0.01531660 0.99950  0.02548695  0.03038992 0.05416521 0.08015574 0.08674995
rh_G_insular_short           0.04914166 0.01834550 0.99775  0.01552316  0.01994491 0.04867406 0.07956016 0.08548253
rh_G_oc-temp_lat-fusifor     0.07734879 0.01527806 1.00000  0.04771946  0.05332548 0.07718443 0.10271974 0.10832924
rh_G_oc-temp_med-Lingual     0.01572049 0.01314940 0.87925 -0.00932706 -0.00582207 0.01566071 0.03705092 0.04078208
rh_G_oc-temp_med-Parahip     0.07594090 0.01483226 1.00000  0.04824837  0.05147671 0.07583583 0.10054354 0.10621372
rh_G_occipital_middle        0.02086243 0.01364445 0.93925 -0.00692319 -0.00176274 0.02098424 0.04297099 0.04735595
rh_G_occipital_sup           0.00612172 0.01448341 0.66325 -0.02187483 -0.01753750 0.00610117 0.03008574 0.03464892
rh_G_orbital                 0.17932734 0.02204508 1.00000  0.13898484  0.14538601 0.17828629 0.21721822 0.22461994
rh_G_pariet_inf-Angular      0.06545065 0.01914536 0.99975  0.02832500  0.03428865 0.06540609 0.09814872 0.10415446
rh_G_pariet_inf-Supramar     0.23710854 0.01890904 1.00000  0.19997213  0.20598165 0.23737897 0.26765612 0.27455689
rh_G_parietal_sup            0.01380373 0.01329210 0.85225 -0.01153749 -0.00771051 0.01362682 0.03667168 0.04086042
rh_G_postcentral             0.20125125 0.02187649 1.00000  0.16124300  0.16718256 0.20064807 0.23822284 0.24637952
rh_G_precentral              0.09132763 0.01951807 1.00000  0.05150643  0.05872880 0.09117123 0.12323863 0.12876777
rh_G_precuneus               0.03452778 0.01344249 0.99450  0.00796690  0.01218146 0.03446356 0.05688959 0.06015383
rh_G_rectus                  0.10348013 0.01551383 1.00000  0.07327035  0.07849480 0.10327700 0.12924820 0.13467834
rh_G_subcallosal             0.06430611 0.01510356 1.00000  0.03478855  0.04008050 0.06389666 0.08940920 0.09435225
rh_G_temp_sup-G_T_transv     0.30519088 0.04657455 1.00000  0.22490848  0.23530719 0.30294430 0.38758364 0.40801872
rh_G_temp_sup-Lateral        0.19011123 0.02223456 1.00000  0.14769237  0.15484292 0.18935702 0.22792699 0.23565299
rh_G_temp_sup-Plan_polar     0.08102918 0.01594172 1.00000  0.05084672  0.05580232 0.08049740 0.10841889 0.11343942
rh_G_temp_sup-Plan_tempo     0.22754934 0.02885447 1.00000  0.17643116  0.18450049 0.22494459 0.28018848 0.29246558
rh_G_temporal_inf            0.09894361 0.01583841 1.00000  0.06873752  0.07337529 0.09881444 0.12602190 0.13121221
rh_G_temporal_middle         0.08317270 0.01492045 1.00000  0.05398019  0.05931136 0.08266343 0.10793228 0.11317883
rh_Lat_Fis-ant-Horizont      0.05353046 0.01487300 1.00000  0.02454946  0.02906867 0.05376974 0.07807500 0.08293534
rh_Lat_Fis-ant-Vertical      0.11347978 0.01875889 1.00000  0.07722122  0.08326749 0.11319552 0.14451377 0.15161572
rh_Lat_Fis-post              0.11004251 0.01807198 1.00000  0.07522857  0.07998213 0.11008360 0.13988774 0.14523119
rh_Pole_occipital            0.01797221 0.01338202 0.91375 -0.00810733 -0.00383854 0.01792143 0.04027692 0.04443437
rh_Pole_temporal             0.05547743 0.01764503 0.99900  0.02311308  0.02775689 0.05515028 0.08519019 0.09096118
rh_S_calcarine               0.05421744 0.01326796 0.99975  0.02835110  0.03222991 0.05437151 0.07562919 0.08088221
rh_S_central                 0.08705735 0.02029120 1.00000  0.04946883  0.05445344 0.08639953 0.12209492 0.12918587
rh_S_cingul-Marginalis       0.04688313 0.01374901 0.99975  0.01981434  0.02476487 0.04666702 0.06940321 0.07417191
rh_S_circular_insula_ant     0.07344680 0.01423703 1.00000  0.04563482  0.05008327 0.07331065 0.09671679 0.10147929
rh_S_circular_insula_inf     0.10474094 0.02221030 1.00000  0.06321146  0.06994285 0.10406285 0.14184459 0.15061328
rh_S_circular_insula_sup     0.10920332 0.02304605 1.00000  0.06873814  0.07436067 0.10770639 0.15044536 0.15856468
rh_S_collat_transv_ant       0.07765377 0.01895623 1.00000  0.04170498  0.04787901 0.07720618 0.10964441 0.11720830
rh_S_collat_transv_post      0.01557462 0.01365197 0.88025 -0.01040909 -0.00647665 0.01521133 0.03845987 0.04321663
rh_S_front_inf               0.16071141 0.02132479 1.00000  0.11649945  0.12448162 0.16167450 0.19375628 0.20130293
rh_S_front_middle            0.02665334 0.01329371 0.97675  0.00046129  0.00494670 0.02657565 0.04866770 0.05336703
rh_S_front_sup               0.03434137 0.01304290 0.99500  0.00889036  0.01267128 0.03445063 0.05529139 0.05975209
rh_S_interm_prim-Jensen      0.05715573 0.01524138 1.00000  0.02837591  0.03257911 0.05698755 0.08243050 0.08769969
rh_S_intrapariet_and_P_trans 0.04195458 0.01477365 0.99625  0.01346936  0.01776447 0.04171201 0.06638154 0.07167858
rh_S_oc_middle_and_Lunatus   0.00984166 0.01372755 0.76950 -0.01701717 -0.01227186 0.00965135 0.03249395 0.03685681
rh_S_oc_sup_and_transversal  0.05057738 0.01526815 0.99950  0.02074794  0.02532642 0.05056844 0.07607354 0.08121886
rh_S_oc-temp_lat             0.07299926 0.01790761 1.00000  0.03915289  0.04441705 0.07276791 0.10287734 0.10900455
rh_S_oc-temp_med_and_Lingual 0.11936547 0.01881648 1.00000  0.08348132  0.08961826 0.11898687 0.15099578 0.15704331
rh_S_occipital_ant           0.03722291 0.01567757 0.99400  0.00849648  0.01248716 0.03664717 0.06424272 0.06955932
rh_S_orbital_lateral         0.03975996 0.01374633 0.99800  0.01315915  0.01676135 0.03981211 0.06212426 0.06643789
rh_S_orbital_med-olfact      0.19050207 0.01821286 1.00000  0.15503055  0.16089002 0.19020198 0.22036952 0.22657364
rh_S_orbital-H_Shaped        0.11635281 0.01566157 1.00000  0.08680192  0.09122341 0.11603371 0.14275520 0.14875534
rh_S_parieto_occipital       0.02558312 0.01352945 0.97175 -0.00066450  0.00367283 0.02541786 0.04801886 0.05241741
rh_S_pericallosal            0.04332623 0.01479851 0.99775  0.01495777  0.01928767 0.04303700 0.06718870 0.07253837
rh_S_postcentral             0.09314059 0.01865194 1.00000  0.05901709  0.06444467 0.09232251 0.12491812 0.13114180
rh_S_precentral-inf-part     0.13239092 0.02455797 1.00000  0.08927685  0.09470154 0.13073932 0.17535699 0.18569106
rh_S_precentral-sup-part     0.06555676 0.01676482 1.00000  0.03243472  0.03888589 0.06536683 0.09339433 0.10036996
rh_S_suborbital              0.04299021 0.01379334 0.99825  0.01602865  0.02090179 0.04292195 0.06526300 0.07019377
rh_S_subparietal             0.05839069 0.01366931 0.99975  0.03133565  0.03592473 0.05846345 0.08113825 0.08605627
rh_S_temporal_inf            0.08468728 0.02213578 0.99975  0.04675878  0.05231610 0.08239881 0.12459277 0.13427277
rh_S_temporal_sup            0.10175674 0.01819861 1.00000  0.06646737  0.07127379 0.10200341 0.13105105 0.13674797
rh_S_temporal_transverse     0.31310983 0.03423995 1.00000  0.24827147  0.25758512 0.31231301 0.36910011 0.38238134


===== Summary of region effects under GLM for Intercept (for reference only): no adjustment for multiplicity =====
                                   mean         SD  2-sided-p        2.5%          5%        50%        95%      97.5%
lh_G_and_S_cingul-Ant        0.02195244 0.00647341 0.00438931  0.00806836  0.01055076 0.02195244 0.03335413 0.03583653
lh_G_and_S_cingul-Mid-Ant    0.03204634 0.00761391 0.00087524  0.01571612  0.01863588 0.03204634 0.04545679 0.04837655
lh_G_and_S_cingul-Mid-Post   0.07490462 0.01876288 0.00133641  0.03466224  0.04185737 0.07490462 0.10795188 0.11514700
lh_G_and_S_frontomargin      0.02400697 0.01110172 0.04838060  0.00019615  0.00445340 0.02400697 0.04356054 0.04781779
lh_G_and_S_occipital_inf     0.00672511 0.00519861 0.21672751 -0.00442479 -0.00243125 0.00672511 0.01588147 0.01787501
lh_G_and_S_paracentral       0.02779834 0.00770823 0.00286237  0.01126583  0.01422175 0.02779834 0.04137492 0.04433084
lh_G_and_S_subcentral        0.24523945 0.04849890 0.00017517  0.14121966  0.15981785 0.24523945 0.33066105 0.34925924
lh_G_and_S_transv_frontopol  0.02169422 0.00697931 0.00770334  0.00672510  0.00940150 0.02169422 0.03398694 0.03666334
lh_G_cingul-Post-dorsal      0.05459038 0.01263582 0.00070532  0.02748925  0.03233479 0.05459038 0.07684598 0.08169152
lh_G_cingul-Post-ventral     0.05960035 0.01080513 0.00007603  0.03642565  0.04056917 0.05960035 0.07863154 0.08277505
lh_G_cuneus                  0.01574360 0.00700305 0.04120067  0.00072356  0.00340906 0.01574360 0.02807814 0.03076364
lh_G_front_inf-Opercular     0.08035513 0.02194025 0.00256087  0.03329798  0.04171155 0.08035513 0.11899872 0.12741229
lh_G_front_inf-Orbital       0.05388370 0.00910027 0.00003729  0.03436556  0.03785530 0.05388370 0.06991211 0.07340185
lh_G_front_inf-Triangul      0.06555353 0.01662023 0.00146840  0.02990668  0.03628015 0.06555353 0.09482691 0.10120038
lh_G_front_middle            0.02455974 0.00585064 0.00089438  0.01201137  0.01425495 0.02455974 0.03486452 0.03710810
lh_G_front_sup               0.02877762 0.00854276 0.00459038  0.01045522  0.01373117 0.02877762 0.04382406 0.04710001
lh_G_Ins_lg_and_S_cent_ins   0.12430007 0.02587320 0.00028034  0.06880758  0.07872934 0.12430007 0.16987079 0.17979256
lh_G_insular_short           0.08862595 0.02068907 0.00075704  0.04425231  0.05218608 0.08862595 0.12506581 0.13299958
lh_G_oc-temp_lat-fusifor     0.11225168 0.02624329 0.00076642  0.05596542  0.06602910 0.11225168 0.15847425 0.16853794
lh_G_oc-temp_med-Lingual     0.01906942 0.00979223 0.07182881 -0.00193281  0.00182228 0.01906942 0.03631657 0.04007166
lh_G_oc-temp_med-Parahip     0.06936594 0.01495819 0.00038422  0.03728382  0.04301993 0.06936594 0.09571194 0.10144805
lh_G_occipital_middle        0.00863321 0.00541674 0.13330076 -0.00298455 -0.00090735 0.00863321 0.01817377 0.02025096
lh_G_occipital_sup           0.00689268 0.00511477 0.19919083 -0.00407741 -0.00211602 0.00689268 0.01590138 0.01786278
lh_G_orbital                 0.14765713 0.01888913 0.00000179  0.10714398  0.11438751 0.14765713 0.18092675 0.18817029
lh_G_pariet_inf-Angular      0.04401111 0.01159584 0.00196852  0.01914051  0.02358724 0.04401111 0.06443497 0.06888170
lh_G_pariet_inf-Supramar     0.22810143 0.03855720 0.00003763  0.14540447  0.16019025 0.22810143 0.29601261 0.31079839
lh_G_parietal_sup            0.01896369 0.00596228 0.00667297  0.00617586  0.00846225 0.01896369 0.02946512 0.03175151
lh_G_postcentral             0.14100069 0.02882390 0.00023791  0.07917956  0.09023285 0.14100069 0.19176852 0.20282181
lh_G_precentral              0.07704041 0.02074730 0.00231566  0.03254189  0.04049799 0.07704041 0.11358284 0.12153894
lh_G_precuneus               0.02347864 0.00532434 0.00059365  0.01205908  0.01410083 0.02347864 0.03285645 0.03489820
lh_G_rectus                  0.03965934 0.00986607 0.00126602  0.01849872  0.02228213 0.03965934 0.05703655 0.06081995
lh_G_subcallosal             0.05981108 0.01477641 0.00119854  0.02811882  0.03378523 0.05981108 0.08583692 0.09150333
lh_G_temp_sup-G_T_transv     0.33800682 0.04777038 0.00000555  0.23554953  0.25386836 0.33800682 0.42214528 0.44046410
lh_G_temp_sup-Lateral        0.15787116 0.04281784 0.00243911  0.06603604  0.08245567 0.15787116 0.23328665 0.24970629
lh_G_temp_sup-Plan_polar     0.11199764 0.02146510 0.00013031  0.06595957  0.07419093 0.11199764 0.14980434 0.15803570
lh_G_temp_sup-Plan_tempo     0.26631588 0.03268969 0.00000111  0.19620346  0.20873919 0.26631588 0.32389257 0.33642830
lh_G_temporal_inf            0.10879853 0.02356106 0.00039879  0.05826508  0.06730019 0.10879853 0.15029687 0.15933199
lh_G_temporal_middle         0.09438753 0.02315977 0.00113521  0.04471476  0.05359599 0.09438753 0.13517907 0.14406030
lh_Lat_Fis-ant-Horizont      0.05424850 0.01096371 0.00021424  0.03073368  0.03493801 0.05424850 0.07355900 0.07776333
lh_Lat_Fis-ant-Vertical      0.10951851 0.01682126 0.00001377  0.07344050  0.07989106 0.10951851 0.13914596 0.14559651
lh_Lat_Fis-post              0.13423454 0.02342952 0.00005210  0.08398321  0.09296788 0.13423454 0.17550120 0.18448588
lh_Pole_occipital            0.00221780 0.00482688 0.65295119 -0.00813482 -0.00628383 0.00221780 0.01071943 0.01257042
lh_Pole_temporal             0.04014353 0.01438526 0.01444499  0.00929023  0.01480663 0.04014353 0.06548043 0.07099684
lh_S_calcarine               0.04112975 0.01060901 0.00167639  0.01837568  0.02244399 0.04112975 0.05981551 0.06388381
lh_S_central                 0.14475066 0.03659882 0.00143739  0.06625399  0.08028878 0.14475066 0.20921253 0.22324732
lh_S_cingul-Marginalis       0.04876782 0.00731989 0.00001074  0.03306822  0.03587522 0.04876782 0.06166042 0.06446743
lh_S_circular_insula_ant     0.05085399 0.01449680 0.00347983  0.01976144  0.02532062 0.05085399 0.07638736 0.08194654
lh_S_circular_insula_inf     0.12582745 0.02972373 0.00083487  0.06207639  0.07347474 0.12582745 0.17818016 0.18957851
lh_S_circular_insula_sup     0.13978076 0.02743227 0.00016304  0.08094440  0.09146403 0.13978076 0.18809749 0.19861713
lh_S_collat_transv_ant       0.07408323 0.01550143 0.00029388  0.04083598  0.04678041 0.07408323 0.10138605 0.10733048
lh_S_collat_transv_post      0.01228373 0.00623775 0.06904199 -0.00109491  0.00129712 0.01228373 0.02327035 0.02566238
lh_S_front_inf               0.12609559 0.02343787 0.00009705  0.07582635  0.08481422 0.12609559 0.16737695 0.17636482
lh_S_front_middle            0.02130367 0.00661467 0.00616191  0.00711662  0.00965319 0.02130367 0.03295415 0.03549072
lh_S_front_sup               0.02893150 0.01266611 0.03848761  0.00176540  0.00662256 0.02893150 0.05124044 0.05609760
lh_S_interm_prim-Jensen      0.05915574 0.01014295 0.00004352  0.03740128  0.04129086 0.05915574 0.07702062 0.08091020
lh_S_intrapariet_and_P_trans 0.04721372 0.01369064 0.00391544  0.01785021  0.02310025 0.04721372 0.07132719 0.07657724
lh_S_oc_middle_and_Lunatus   0.00986123 0.00373663 0.01943935  0.00184696  0.00327987 0.00986123 0.01644258 0.01787549
lh_S_oc_sup_and_transversal  0.02572624 0.00913234 0.01371220  0.00613933  0.00964136 0.02572624 0.04181112 0.04531316
lh_S_oc-temp_lat             0.09764109 0.01424513 0.00000788  0.06708832  0.07255099 0.09764109 0.12273118 0.12819386
lh_S_oc-temp_med_and_Lingual 0.14742088 0.02614286 0.00006109  0.09135002  0.10137519 0.14742088 0.19346657 0.20349174
lh_S_occipital_ant           0.04166445 0.01122235 0.00231861  0.01759491  0.02189841 0.04166445 0.06143049 0.06573399
lh_S_orbital_lateral         0.02205553 0.00717721 0.00826391  0.00666194  0.00941423 0.02205553 0.03469683 0.03744912
lh_S_orbital_med-olfact      0.18348533 0.02095818 0.00000047  0.13853451  0.14657148 0.18348533 0.22039919 0.22843616
lh_S_orbital-H_Shaped        0.12411288 0.01787227 0.00000682  0.08578066  0.09263426 0.12411288 0.15559149 0.16244509
lh_S_parieto_occipital       0.01857386 0.00517780 0.00297297  0.00746859  0.00945415 0.01857386 0.02769356 0.02967913
lh_S_pericallosal            0.06141334 0.01932494 0.00670858  0.01996546  0.02737613 0.06141334 0.09545055 0.10286121
lh_S_postcentral             0.08008222 0.02515534 0.00663460  0.02612939  0.03577587 0.08008222 0.12438858 0.13403506
lh_S_precentral-inf-part     0.18126200 0.03146674 0.00004933  0.11377255  0.12583931 0.18126200 0.23668469 0.24875145
lh_S_precentral-sup-part     0.07036039 0.02093836 0.00466679  0.02545208  0.03348145 0.07036039 0.10723934 0.11526871
lh_S_suborbital              0.03174824 0.01061250 0.00971208  0.00898668  0.01305633 0.03174824 0.05044016 0.05450980
lh_S_subparietal             0.05323514 0.01444758 0.00245040  0.02224817  0.02778848 0.05323514 0.07868180 0.08422210
lh_S_temporal_inf            0.10499838 0.03090612 0.00433584  0.03871134  0.05056311 0.10499838 0.15943365 0.17128543
lh_S_temporal_sup            0.08017376 0.02533081 0.00688236  0.02584457  0.03555834 0.08017376 0.12478917 0.13450294
lh_S_temporal_transverse     0.24210960 0.03542529 0.00000814  0.16612990  0.17971467 0.24210960 0.30450453 0.31808930
rh_G_and_S_cingul-Ant        0.03017069 0.01060601 0.01298550  0.00742306  0.01149022 0.03017069 0.04885117 0.05291833
rh_G_and_S_cingul-Mid-Ant    0.05946206 0.01530409 0.00164856  0.02663805  0.03250681 0.05946206 0.08641732 0.09228608
rh_G_and_S_cingul-Mid-Post   0.05693330 0.01311687 0.00067836  0.02880041  0.03383043 0.05693330 0.08003618 0.08506619
rh_G_and_S_frontomargin      0.04133785 0.01271340 0.00579518  0.01407031  0.01894560 0.04133785 0.06373009 0.06860538
rh_G_and_S_occipital_inf     0.01589026 0.00629442 0.02428837  0.00239006  0.00480382 0.01589026 0.02697669 0.02939045
rh_G_and_S_paracentral       0.02043902 0.00998218 0.05984789 -0.00097062  0.00285731 0.02043902 0.03802073 0.04184866
rh_G_and_S_subcentral        0.34627953 0.05603205 0.00002394  0.22610272  0.24758970 0.34627953 0.44496935 0.46645633
rh_G_and_S_transv_frontopol  0.03973519 0.00978641 0.00116958  0.01874543  0.02249829 0.03973519 0.05697208 0.06072494
rh_G_cingul-Post-dorsal      0.05564507 0.01396601 0.00135715  0.02569096  0.03104660 0.05564507 0.08024354 0.08559918
rh_G_cingul-Post-ventral     0.09188089 0.02302780 0.00134212  0.04249117  0.05132179 0.09188089 0.13243998 0.14127061
rh_G_cuneus                  0.02068538 0.00889921 0.03565906  0.00159847  0.00501111 0.02068538 0.03635965 0.03977229
rh_G_front_inf-Opercular     0.13171005 0.02792101 0.00033025  0.07182544  0.08253250 0.13171005 0.18088761 0.19159467
rh_G_front_inf-Orbital       0.07586708 0.01921322 0.00145550  0.03465882  0.04202664 0.07586708 0.10970753 0.11707535
rh_G_front_inf-Triangul      0.09136494 0.02727858 0.00477032  0.03285822  0.04331891 0.09136494 0.13941097 0.14987167
rh_G_front_middle            0.03976505 0.01357093 0.01096803  0.01065831  0.01586244 0.03976505 0.06366766 0.06887179
rh_G_front_sup               0.01928509 0.00746903 0.02172451  0.00326561  0.00612981 0.01928509 0.03244038 0.03530458
rh_G_Ins_lg_and_S_cent_ins   0.13087348 0.04266772 0.00835831  0.03936033  0.05572240 0.13087348 0.20602456 0.22238663
rh_G_insular_short           0.06912488 0.02241820 0.00809447  0.02104263  0.02963949 0.06912488 0.10861028 0.11720713
rh_G_oc-temp_lat-fusifor     0.10365557 0.02305700 0.00050339  0.05420323  0.06304505 0.10365557 0.14426609 0.15310791
rh_G_oc-temp_med-Lingual     0.01453387 0.00777998 0.08281818 -0.00215252  0.00083091 0.01453387 0.02823682 0.03122026
rh_G_oc-temp_med-Parahip     0.08496874 0.02147817 0.00143460  0.03890266  0.04713903 0.08496874 0.12279846 0.13103483
rh_G_occipital_middle        0.01635763 0.00675161 0.02954997  0.00187687  0.00446596 0.01635763 0.02824930 0.03083839
rh_G_occipital_sup           0.00458293 0.00360022 0.22376565 -0.00313877 -0.00175817 0.00458293 0.01092404 0.01230464
rh_G_orbital                 0.21406963 0.02870265 0.00000307  0.15250857  0.16351536 0.21406963 0.26462389 0.27563069
rh_G_pariet_inf-Angular      0.08586007 0.02244496 0.00185556  0.03772041  0.04632753 0.08586007 0.12539261 0.13399973
rh_G_pariet_inf-Supramar     0.28398752 0.03633249 0.00000179  0.20606208  0.21999474 0.28398752 0.34798029 0.36191295
rh_G_parietal_sup            0.00969521 0.00514047 0.08020637 -0.00133000  0.00064125 0.00969521 0.01874917 0.02072042
rh_G_postcentral             0.25735091 0.03684580 0.00000640  0.17832453  0.19245403 0.25735091 0.32224779 0.33637729
rh_G_precentral              0.12697505 0.03050735 0.00095868  0.06154328  0.07324213 0.12697505 0.18070796 0.19240681
rh_G_precuneus               0.03181167 0.00682537 0.00036748  0.01717271  0.01979008 0.03181167 0.04383326 0.04645063
rh_G_rectus                  0.11048393 0.01850256 0.00003420  0.07079987  0.07789517 0.11048393 0.14307268 0.15016798
rh_G_subcallosal             0.08146448 0.02126768 0.00183708  0.03584983  0.04400549 0.08146448 0.11892347 0.12707913
rh_G_temp_sup-G_T_transv     0.42064131 0.04878557 0.00000057  0.31600667  0.33471479 0.42064131 0.50656783 0.52527596
rh_G_temp_sup-Lateral        0.23532590 0.04479654 0.00012213  0.13924686  0.15642529 0.23532590 0.31422651 0.33140493
rh_G_temp_sup-Plan_polar     0.11545403 0.02462897 0.00034920  0.06263014  0.07207477 0.11545403 0.15883328 0.16827792
rh_G_temp_sup-Plan_tempo     0.30448744 0.03893042 0.00000178  0.22098999  0.23591890 0.30448744 0.37305599 0.38798489
rh_G_temporal_inf            0.13282945 0.02810590 0.00032481  0.07254830  0.08332625 0.13282945 0.18233265 0.19311060
rh_G_temporal_middle         0.12181119 0.02975324 0.00109479  0.05799683  0.06940650 0.12181119 0.17421587 0.18562554
rh_Lat_Fis-ant-Horizont      0.05716251 0.01530486 0.00221855  0.02433685  0.03020591 0.05716251 0.08411911 0.08998816
rh_Lat_Fis-ant-Vertical      0.12660244 0.02005656 0.00001916  0.08358540  0.09127662 0.12660244 0.16192827 0.16961949
rh_Lat_Fis-post              0.15850521 0.03745507 0.00083707  0.07817208  0.09253522 0.15850521 0.22447519 0.23883833
rh_Pole_occipital            0.01510488 0.00651783 0.03613211  0.00112553  0.00362496 0.01510488 0.02658480 0.02908423
rh_Pole_temporal             0.07443229 0.02150916 0.00382403  0.02829973  0.03654799 0.07443229 0.11231660 0.12056485
rh_S_calcarine               0.05687870 0.01440578 0.00145655  0.02598137  0.03150565 0.05687870 0.08225175 0.08777603
rh_S_central                 0.15641017 0.04344487 0.00289734  0.06323019  0.07989028 0.15641017 0.23293006 0.24959015
rh_S_cingul-Marginalis       0.04988720 0.01271628 0.00153060  0.02261350  0.02748989 0.04988720 0.07228452 0.07716091
rh_S_circular_insula_ant     0.09185908 0.02160853 0.00080649  0.04551338  0.05379975 0.09185908 0.12991841 0.13820477
rh_S_circular_insula_inf     0.20748661 0.04856943 0.00077447  0.10331554  0.12194077 0.20748661 0.29303245 0.31165769
rh_S_circular_insula_sup     0.17873467 0.03759679 0.00030813  0.09809758  0.11251507 0.17873467 0.24495427 0.25937175
rh_S_collat_transv_ant       0.10572152 0.02557523 0.00101316  0.05086811  0.06067561 0.10572152 0.15076742 0.16057492
rh_S_collat_transv_post      0.01355302 0.00670354 0.06274364 -0.00082466  0.00174600 0.01355302 0.02536004 0.02793069
rh_S_front_inf               0.16213181 0.02969284 0.00008399  0.09844700  0.10983351 0.16213181 0.21443011 0.22581662
rh_S_front_middle            0.02795558 0.00791500 0.00331761  0.01097958  0.01401480 0.02795558 0.04189635 0.04493157
rh_S_front_sup               0.04022487 0.01260650 0.00653905  0.01318661  0.01802091 0.04022487 0.06242883 0.06726313
rh_S_interm_prim-Jensen      0.07230082 0.01959085 0.00242227  0.03028263  0.03779526 0.07230082 0.10680638 0.11431901
rh_S_intrapariet_and_P_trans 0.04348046 0.01203536 0.00282623  0.01766717  0.02228245 0.04348046 0.06467846 0.06929374
rh_S_oc_middle_and_Lunatus   0.00537143 0.00433086 0.23526045 -0.00391733 -0.00225655 0.00537143 0.01299942 0.01466020
rh_S_oc_sup_and_transversal  0.05566513 0.01598120 0.00365551  0.02138886  0.02751728 0.05566513 0.08381298 0.08994139
rh_S_oc-temp_lat             0.10497394 0.03026433 0.00376311  0.04006342  0.05166907 0.10497394 0.15827880 0.16988446
rh_S_oc-temp_med_and_Lingual 0.14629744 0.02827497 0.00014112  0.08565366  0.09649645 0.14629744 0.19609842 0.20694121
rh_S_occipital_ant           0.06012342 0.02275419 0.01931727  0.01132053  0.02004623 0.06012342 0.10020060 0.10892630
rh_S_orbital_lateral         0.05044129 0.01840780 0.01594846  0.01096049  0.01801945 0.05044129 0.08286313 0.08992209
rh_S_orbital_med-olfact      0.20990652 0.02516364 0.00000084  0.15593587  0.16558554 0.20990652 0.25422751 0.26387717
rh_S_orbital-H_Shaped        0.15256554 0.02691897 0.00005808  0.09483008  0.10515288 0.15256554 0.19997819 0.21030099
rh_S_parieto_occipital       0.03056887 0.01127903 0.01691396  0.00637776  0.01070300 0.03056887 0.05043474 0.05475998
rh_S_pericallosal            0.04069173 0.01011140 0.00125474  0.01900493  0.02288241 0.04069173 0.05850104 0.06237853
rh_S_postcentral             0.13655867 0.03359713 0.00115967  0.06449999  0.07738370 0.13655867 0.19573363 0.20861734
rh_S_precentral-inf-part     0.19024907 0.03356681 0.00005806  0.11825542  0.13112751 0.19024907 0.24937064 0.26224273
rh_S_precentral-sup-part     0.09658571 0.02748809 0.00344006  0.03762963  0.04817067 0.09658571 0.14500076 0.15554179
rh_S_suborbital              0.04368256 0.01292726 0.00493663  0.01595634  0.02091364 0.04368256 0.06645148 0.07140878
rh_S_subparietal             0.05935164 0.01510066 0.00150878  0.02696394  0.03275469 0.05935164 0.08594859 0.09173934
rh_S_temporal_inf            0.14095423 0.03386831 0.00095920  0.06831393  0.08130163 0.14095423 0.20060682 0.21359453
rh_S_temporal_sup            0.14402623 0.03946817 0.00262916  0.05937542  0.07451054 0.14402623 0.21354191 0.22867703
rh_S_temporal_transverse     0.43050992 0.05251172 0.00000103  0.31788348  0.33802050 0.43050992 0.52299935 0.54313637


