===== Summary of variable information =====
Total number of ROIs: 148
Response variable Y - mean: 0.994270; SD: 0.241265
   Min. 1st Qu.  Median    Mean 3rd Qu.    Max. 
0.05806 0.82747 0.99843 0.99427 1.16750 1.59788 


Data structure:
'data.frame':	2219 obs. of  3 variables:
 $ Subj: Factor w/ 15 levels "1","2","3","4",..: 1 1 1 1 1 1 1 1 1 1 ...
 $ ROI : Factor w/ 148 levels "lh_G_and_S_cingul-Ant",..: 17 1 2 3 4 5 6 7 8 9 ...
 $ Y   : num  1.108 0.965 1.005 1.047 0.502 ...
Subjects:
  1   2   3   4   5   6   7   8   9  10  11  12  13  14  15 
148 148 147 148 148 148 148 148 148 148 148 148 148 148 148 
ROIs:
       lh_G_and_S_cingul-Ant    lh_G_and_S_cingul-Mid-Ant 
                          15                           15 
  lh_G_and_S_cingul-Mid-Post      lh_G_and_S_frontomargin 
                          15                           15 
    lh_G_and_S_occipital_inf       lh_G_and_S_paracentral 
                          15                           15 
       lh_G_and_S_subcentral  lh_G_and_S_transv_frontopol 
                          15                           15 
     lh_G_cingul-Post-dorsal     lh_G_cingul-Post-ventral 
                          15                           15 
                 lh_G_cuneus     lh_G_front_inf-Opercular 
                          15                           15 
      lh_G_front_inf-Orbital      lh_G_front_inf-Triangul 
                          15                           15 
           lh_G_front_middle               lh_G_front_sup 
                          15                           15 
  lh_G_Ins_lg_and_S_cent_ins           lh_G_insular_short 
                          15                           15 
    lh_G_oc-temp_lat-fusifor     lh_G_oc-temp_med-Lingual 
                          15                           15 
    lh_G_oc-temp_med-Parahip        lh_G_occipital_middle 
                          15                           15 
          lh_G_occipital_sup                 lh_G_orbital 
                          15                           15 
     lh_G_pariet_inf-Angular     lh_G_pariet_inf-Supramar 
                          15                           15 
           lh_G_parietal_sup             lh_G_postcentral 
                          15                           15 
             lh_G_precentral               lh_G_precuneus 
                          15                           15 
                 lh_G_rectus             lh_G_subcallosal 
                          15                           15 
    lh_G_temp_sup-G_T_transv        lh_G_temp_sup-Lateral 
                          15                           15 
    lh_G_temp_sup-Plan_polar     lh_G_temp_sup-Plan_tempo 
                          15                           15 
           lh_G_temporal_inf         lh_G_temporal_middle 
                          15                           15 
     lh_Lat_Fis-ant-Horizont      lh_Lat_Fis-ant-Vertical 
                          15                           15 
             lh_Lat_Fis-post            lh_Pole_occipital 
                          15                           15 
            lh_Pole_temporal               lh_S_calcarine 
                          15                           15 
                lh_S_central       lh_S_cingul-Marginalis 
                          15                           15 
    lh_S_circular_insula_ant     lh_S_circular_insula_inf 
                          15                           15 
    lh_S_circular_insula_sup       lh_S_collat_transv_ant 
                          15                           15 
     lh_S_collat_transv_post               lh_S_front_inf 
                          15                           15 
           lh_S_front_middle               lh_S_front_sup 
                          15                           15 
     lh_S_interm_prim-Jensen lh_S_intrapariet_and_P_trans 
                          15                           15 
  lh_S_oc_middle_and_Lunatus  lh_S_oc_sup_and_transversal 
                          15                           15 
            lh_S_oc-temp_lat lh_S_oc-temp_med_and_Lingual 
                          15                           15 
          lh_S_occipital_ant         lh_S_orbital_lateral 
                          15                           15 
     lh_S_orbital_med-olfact        lh_S_orbital-H_Shaped 
                          15                           15 
      lh_S_parieto_occipital            lh_S_pericallosal 
                          15                           15 
            lh_S_postcentral     lh_S_precentral-inf-part 
                          15                           15 
    lh_S_precentral-sup-part              lh_S_suborbital 
                          15                           15 
            lh_S_subparietal            lh_S_temporal_inf 
                          15                           15 
           lh_S_temporal_sup     lh_S_temporal_transverse 
                          15                           15 
       rh_G_and_S_cingul-Ant    rh_G_and_S_cingul-Mid-Ant 
                          15                           15 
  rh_G_and_S_cingul-Mid-Post      rh_G_and_S_frontomargin 
                          15                           15 
    rh_G_and_S_occipital_inf       rh_G_and_S_paracentral 
                          15                           15 
       rh_G_and_S_subcentral  rh_G_and_S_transv_frontopol 
                          15                           15 
     rh_G_cingul-Post-dorsal     rh_G_cingul-Post-ventral 
                          15                           15 
                 rh_G_cuneus     rh_G_front_inf-Opercular 
                          15                           15 
      rh_G_front_inf-Orbital      rh_G_front_inf-Triangul 
                          15                           15 
           rh_G_front_middle               rh_G_front_sup 
                          15                           15 
  rh_G_Ins_lg_and_S_cent_ins           rh_G_insular_short 
                          15                           15 
    rh_G_oc-temp_lat-fusifor     rh_G_oc-temp_med-Lingual 
                          15                           15 
    rh_G_oc-temp_med-Parahip        rh_G_occipital_middle 
                          15                           15 
          rh_G_occipital_sup                 rh_G_orbital 
                          15                           15 
     rh_G_pariet_inf-Angular                      (Other) 
                          15                          734 


10/07/25 09:27:06.351
   user  system elapsed 
293.177   1.980  97.374 

***** Summary information of model results *****

 Family: student 
  Links: mu = identity 
Formula: Y ~ 1 + (1 | Subj) + (1 | ROI) 
   Data: lop$dataTable (Number of observations: 2219) 
  Draws: 4 chains, each with iter = 5000; warmup = 2500; thin = 1;
         total post-warmup draws = 10000

Multilevel Hyperparameters:
~ROI (Number of levels: 148) 
              Estimate Est.Error l-95% CI u-95% CI Rhat Bulk_ESS Tail_ESS
sd(Intercept)     0.14      0.01     0.13     0.16 1.00     1198     1954

~Subj (Number of levels: 15) 
              Estimate Est.Error l-95% CI u-95% CI Rhat Bulk_ESS Tail_ESS
sd(Intercept)     0.16      0.04     0.11     0.24 1.00     1746     3515

Regression Coefficients:
          Estimate Est.Error l-95% CI u-95% CI Rhat Bulk_ESS Tail_ESS
Intercept     1.00      0.04     0.91     1.08 1.00     1222     2371

Further Distributional Parameters:
      Estimate Est.Error l-95% CI u-95% CI Rhat Bulk_ESS Tail_ESS
sigma     0.12      0.00     0.11     0.13 1.00     7724     7431
nu        8.45      1.70     5.95    12.51 1.00     7497     6992

Draws were sampled using sampling(NUTS). For each parameter, Bulk_ESS
and Tail_ESS are effective sample size measures, and Rhat is the potential
scale reduction factor on split chains (at convergence, Rhat = 1).


===== Summary of region effects for Intercept (RBA results) =====
                                  mean         SD P+      2.5%        5%       50%       95%     97.5%
lh_G_and_S_cingul-Ant        1.0836579 0.05258361  1 0.9795163 0.9971542 1.0840707 1.1690606 1.1854675
lh_G_and_S_cingul-Mid-Ant    1.0355518 0.05176521  1 0.9326366 0.9493071 1.0356619 1.1176811 1.1359709
lh_G_and_S_cingul-Mid-Post   1.0762185 0.05192535  1 0.9727284 0.9916291 1.0766891 1.1614525 1.1784014
lh_G_and_S_frontomargin      0.7267339 0.05305140  1 0.6219005 0.6395845 0.7268936 0.8124146 0.8310398
lh_G_and_S_occipital_inf     0.9996178 0.05595642  1 0.8906593 0.9086160 0.9993602 1.0914195 1.1101350
lh_G_and_S_paracentral       0.8170170 0.05298986  1 0.7129216 0.7306022 0.8172262 0.9033960 0.9208642
lh_G_and_S_subcentral        1.0472789 0.05194502  1 0.9458718 0.9612085 1.0479774 1.1315348 1.1477777
lh_G_and_S_transv_frontopol  0.5817783 0.05273627  1 0.4778317 0.4959710 0.5826662 0.6660330 0.6834071
lh_G_cingul-Post-dorsal      1.1881027 0.05150723  1 1.0837589 1.1037292 1.1881304 1.2711460 1.2876085
lh_G_cingul-Post-ventral     1.0912159 0.05254186  1 0.9865704 1.0043285 1.0909050 1.1774314 1.1938517
lh_G_cuneus                  1.1393017 0.05199468  1 1.0354412 1.0548006 1.1390861 1.2237603 1.2414757
lh_G_front_inf-Opercular     0.8475044 0.05385014  1 0.7399819 0.7580257 0.8482613 0.9339301 0.9514063
lh_G_front_inf-Orbital       0.7690398 0.05220023  1 0.6657547 0.6835889 0.7691336 0.8540195 0.8718406
lh_G_front_inf-Triangul      0.7903896 0.05282146  1 0.6857733 0.7030943 0.7901565 0.8767189 0.8929664
lh_G_front_middle            0.7892095 0.05343063  1 0.6822591 0.7019075 0.7899361 0.8758158 0.8920554
lh_G_front_sup               0.9266498 0.05112253  1 0.8259549 0.8421743 0.9269902 1.0095802 1.0262735
lh_G_Ins_lg_and_S_cent_ins   1.1013586 0.05262977  1 0.9977426 1.0153714 1.1009633 1.1883187 1.2042847
lh_G_insular_short           0.9894223 0.05188224  1 0.8853932 0.9033850 0.9895462 1.0736921 1.0887827
lh_G_oc-temp_lat-fusifor     1.1803149 0.05380054  1 1.0731670 1.0923055 1.1808309 1.2686797 1.2850522
lh_G_oc-temp_med-Lingual     1.1248355 0.05427143  1 1.0170302 1.0348582 1.1250359 1.2120065 1.2314842
lh_G_oc-temp_med-Parahip     1.1233210 0.05400156  1 1.0155167 1.0340863 1.1232157 1.2125677 1.2280797
lh_G_occipital_middle        0.8403203 0.05536895  1 0.7314381 0.7486635 0.8405659 0.9307154 0.9483513
lh_G_occipital_sup           0.9530570 0.05474849  1 0.8474751 0.8628747 0.9533581 1.0419689 1.0610035
lh_G_orbital                 0.9463444 0.05174422  1 0.8439480 0.8608543 0.9472164 1.0296364 1.0457096
lh_G_pariet_inf-Angular      0.9167253 0.05245603  1 0.8127238 0.8297661 0.9175729 1.0018449 1.0175736
lh_G_pariet_inf-Supramar     0.9016330 0.05229484  1 0.7991980 0.8153010 0.9016665 0.9855679 1.0037482
lh_G_parietal_sup            0.8058793 0.05562149  1 0.6947533 0.7150125 0.8053950 0.8975952 0.9176576
lh_G_postcentral             0.8387371 0.05206213  1 0.7345327 0.7530697 0.8394390 0.9228264 0.9393610
lh_G_precentral              0.8179186 0.05310049  1 0.7135439 0.7296844 0.8188218 0.9039514 0.9222331
lh_G_precuneus               1.1031603 0.05135539  1 0.9996842 1.0192961 1.1040603 1.1854418 1.2024927
lh_G_rectus                  0.9021169 0.05361372  1 0.7954779 0.8144239 0.9025481 0.9893361 1.0057110
lh_G_subcallosal             1.0877944 0.05254210  1 0.9842486 1.0007256 1.0874731 1.1742512 1.1907502
lh_G_temp_sup-G_T_transv     1.2707525 0.05202764  1 1.1677213 1.1849843 1.2708669 1.3549904 1.3720256
lh_G_temp_sup-Lateral        1.0369574 0.05232519  1 0.9338044 0.9489977 1.0376788 1.1211794 1.1375902
lh_G_temp_sup-Plan_polar     1.1699122 0.05272630  1 1.0677442 1.0836656 1.1695155 1.2553337 1.2739977
lh_G_temp_sup-Plan_tempo     1.0080499 0.05145979  1 0.9065250 0.9232546 1.0084920 1.0918376 1.1087425
lh_G_temporal_inf            1.0966575 0.05363007  1 0.9900433 1.0089599 1.0971219 1.1844864 1.2018765
lh_G_temporal_middle         0.9097122 0.05568300  1 0.8016225 0.8184968 0.9098590 1.0004443 1.0194981
lh_Lat_Fis-ant-Horizont      0.8886349 0.05356396  1 0.7850732 0.8016425 0.8882992 0.9760965 0.9935318
lh_Lat_Fis-ant-Vertical      0.8496221 0.05294040  1 0.7447542 0.7622546 0.8505078 0.9350860 0.9529501
lh_Lat_Fis-post              1.2590179 0.05105892  1 1.1558709 1.1743808 1.2599027 1.3421524 1.3584158
lh_Pole_occipital            1.0142588 0.05564792  1 0.9042452 0.9215792 1.0155236 1.1040874 1.1234460
lh_Pole_temporal             0.9747314 0.05297014  1 0.8697929 0.8876804 0.9750568 1.0599096 1.0782464
lh_S_calcarine               1.1972822 0.05245061  1 1.0950569 1.1111143 1.1972517 1.2833457 1.2992381
lh_S_central                 0.9410582 0.05356449  1 0.8351752 0.8538398 0.9412132 1.0291964 1.0461978
lh_S_cingul-Marginalis       1.1148211 0.05162756  1 1.0113210 1.0294242 1.1162097 1.1974345 1.2151035
lh_S_circular_insula_ant     1.0222422 0.05324098  1 0.9166414 0.9355311 1.0222374 1.1086262 1.1269009
lh_S_circular_insula_inf     1.1994682 0.05435414  1 1.0917233 1.1090559 1.2001039 1.2872324 1.3054659
lh_S_circular_insula_sup     1.2106069 0.05184927  1 1.1065735 1.1244562 1.2111588 1.2936035 1.3106845
lh_S_collat_transv_ant       1.0044266 0.05388689  1 0.8971940 0.9160463 1.0043806 1.0923313 1.1119936
lh_S_collat_transv_post      1.0179055 0.05256852  1 0.9139246 0.9305053 1.0177947 1.1035845 1.1197924
lh_S_front_inf               0.9642886 0.05272584  1 0.8612296 0.8772369 0.9649834 1.0481928 1.0664371
lh_S_front_middle            0.7810626 0.05370132  1 0.6735963 0.6920553 0.7815554 0.8674652 0.8849390
lh_S_front_sup               0.8114184 0.05222748  1 0.7084502 0.7245270 0.8122136 0.8968510 0.9131158
lh_S_interm_prim-Jensen      0.9503040 0.05391391  1 0.8426900 0.8610153 0.9505639 1.0382758 1.0557519
lh_S_intrapariet_and_P_trans 0.9930671 0.05350886  1 0.8879291 0.9058334 0.9932254 1.0808529 1.0990354
lh_S_oc_middle_and_Lunatus   0.8896503 0.05550704  1 0.7809638 0.7982816 0.8897088 0.9806192 0.9983959
lh_S_oc_sup_and_transversal  0.9893860 0.05575708  1 0.8793370 0.8976804 0.9888423 1.0811004 1.0990566
lh_S_oc-temp_lat             1.0737179 0.05271585  1 0.9698573 0.9870442 1.0743240 1.1593321 1.1756950
lh_S_oc-temp_med_and_Lingual 1.1733461 0.05308331  1 1.0661752 1.0859041 1.1744050 1.2597332 1.2768525
lh_S_occipital_ant           1.0485046 0.05522361  1 0.9396748 0.9568147 1.0492714 1.1381459 1.1558043
lh_S_orbital_lateral         0.6887539 0.05332078  1 0.5863818 0.6010443 0.6887001 0.7761683 0.7931978
lh_S_orbital_med-olfact      1.0126649 0.05242764  1 0.9082417 0.9253316 1.0126099 1.0983455 1.1153867
lh_S_orbital-H_Shaped        0.9509652 0.05163436  1 0.8475601 0.8649946 0.9516917 1.0333618 1.0482976
lh_S_parieto_occipital       1.1483805 0.05096037  1 1.0471547 1.0645696 1.1487857 1.2302742 1.2456385
lh_S_pericallosal            1.1350266 0.05218427  1 1.0296247 1.0491068 1.1351621 1.2200665 1.2367031
lh_S_postcentral             0.9236207 0.05271230  1 0.8181907 0.8353205 0.9242260 1.0088375 1.0236580
lh_S_precentral-inf-part     1.0226794 0.05208476  1 0.9180596 0.9361936 1.0234088 1.1064978 1.1227505
lh_S_precentral-sup-part     0.8529449 0.05368190  1 0.7464190 0.7647003 0.8528518 0.9409704 0.9585318
lh_S_suborbital              1.0300589 0.05240539  1 0.9267436 0.9426427 1.0301470 1.1141738 1.1316862
lh_S_subparietal             1.2011857 0.05098330  1 1.0998378 1.1167763 1.2010551 1.2842724 1.3020328
lh_S_temporal_inf            0.9827699 0.05443799  1 0.8750495 0.8921393 0.9828439 1.0710131 1.0891752
lh_S_temporal_sup            0.9254619 0.05475984  1 0.8167757 0.8357111 0.9258437 1.0141975 1.0325067
lh_S_temporal_transverse     1.1581523 0.05377506  1 1.0516968 1.0690054 1.1577449 1.2465176 1.2650567
rh_G_and_S_cingul-Ant        1.0668731 0.05200590  1 0.9631919 0.9817912 1.0675976 1.1510375 1.1694137
rh_G_and_S_cingul-Mid-Ant    1.0297167 0.05226578  1 0.9256884 0.9420064 1.0307062 1.1134887 1.1299174
rh_G_and_S_cingul-Mid-Post   1.0332565 0.05221919  1 0.9293831 0.9473865 1.0336509 1.1186190 1.1350128
rh_G_and_S_frontomargin      0.6880279 0.05370091  1 0.5805115 0.5989919 0.6881062 0.7757440 0.7919303
rh_G_and_S_occipital_inf     1.0116650 0.05611613  1 0.9000944 0.9185174 1.0118357 1.1025764 1.1205559
rh_G_and_S_paracentral       0.7696298 0.05275704  1 0.6654959 0.6820572 0.7701671 0.8554901 0.8734750
rh_G_and_S_subcentral        1.0796388 0.05372628  1 0.9742743 0.9912166 1.0799120 1.1660156 1.1845858
rh_G_and_S_transv_frontopol  0.6135556 0.05459058  1 0.5067499 0.5248429 0.6137149 0.7026907 0.7221538
rh_G_cingul-Post-dorsal      1.1787837 0.05122038  1 1.0741981 1.0925004 1.1795945 1.2612477 1.2777436
rh_G_cingul-Post-ventral     1.1315234 0.05232962  1 1.0262993 1.0436216 1.1322454 1.2163793 1.2322417
rh_G_cuneus                  1.1580386 0.05419639  1 1.0514529 1.0693959 1.1578149 1.2471939 1.2662225
rh_G_front_inf-Opercular     0.9658447 0.05273881  1 0.8608794 0.8784709 0.9662930 1.0514511 1.0692702
rh_G_front_inf-Orbital       0.8445860 0.05375483  1 0.7369100 0.7550089 0.8450216 0.9321052 0.9499275
rh_G_front_inf-Triangul      0.7866032 0.05210065  1 0.6827427 0.7009454 0.7866781 0.8725940 0.8893012
rh_G_front_middle            0.7583520 0.05244401  1 0.6533903 0.6723094 0.7586491 0.8431376 0.8617744
rh_G_front_sup               0.9290163 0.05289975  1 0.8257708 0.8427932 0.9294240 1.0152591 1.0319004
rh_G_Ins_lg_and_S_cent_ins   1.0071008 0.05294071  1 0.9006884 0.9193338 1.0071967 1.0936437 1.1128879
rh_G_insular_short           0.9632015 0.05194661  1 0.8607369 0.8779486 0.9630304 1.0476167 1.0659682
rh_G_oc-temp_lat-fusifor     1.1975082 0.05133729  1 1.0940855 1.1130896 1.1989849 1.2799212 1.2954705
rh_G_oc-temp_med-Lingual     1.1217283 0.05289973  1 1.0152581 1.0346823 1.1221804 1.2078108 1.2244234
rh_G_oc-temp_med-Parahip     1.0740826 0.05262858  1 0.9707513 0.9861743 1.0744710 1.1595142 1.1772922
rh_G_occipital_middle        0.9329844 0.05552153  1 0.8214167 0.8412682 0.9331490 1.0245275 1.0445836
rh_G_occipital_sup           0.9423576 0.05771479  1 0.8285703 0.8479053 0.9420184 1.0368001 1.0554867
rh_G_orbital                 1.0161029 0.05153823  1 0.9124784 0.9308166 1.0172391 1.0999767 1.1169360
rh_G_pariet_inf-Angular      0.9536167 0.05264512  1 0.8496083 0.8673785 0.9538437 1.0407126 1.0573559
rh_G_pariet_inf-Supramar     1.0001210 0.05251931  1 0.8984346 0.9146523 0.9998427 1.0861684 1.1038033
rh_G_parietal_sup            0.8150089 0.05515753  1 0.7053062 0.7229961 0.8150536 0.9045410 0.9237999
rh_G_postcentral             0.8822145 0.05281370  1 0.7775415 0.7948273 0.8828318 0.9670970 0.9849379
rh_G_precentral              0.8555549 0.05082733  1 0.7541192 0.7705848 0.8557734 0.9386708 0.9552696
rh_G_precuneus               1.0802078 0.05122218  1 0.9789516 0.9965665 1.0804416 1.1634902 1.1805264
rh_G_rectus                  0.9167621 0.05254778  1 0.8135685 0.8302453 0.9170817 1.0014571 1.0192303
rh_G_subcallosal             1.0936474 0.05234289  1 0.9908588 1.0070469 1.0940868 1.1783721 1.1953926
rh_G_temp_sup-G_T_transv     1.2289022 0.05215769  1 1.1270193 1.1428841 1.2291207 1.3143677 1.3303701
rh_G_temp_sup-Lateral        1.0400619 0.05159457  1 0.9364643 0.9534230 1.0410000 1.1230843 1.1410017
rh_G_temp_sup-Plan_polar     1.1232139 0.05119276  1 1.0216041 1.0384281 1.1244908 1.2065102 1.2230342
rh_G_temp_sup-Plan_tempo     1.0548577 0.05271588  1 0.9529267 0.9692674 1.0545354 1.1411395 1.1601767
rh_G_temporal_inf            1.0529519 0.05159836  1 0.9507109 0.9669498 1.0539782 1.1372921 1.1533368
rh_G_temporal_middle         0.8988687 0.05248008  1 0.7944260 0.8126925 0.8993845 0.9839823 0.9999751
rh_Lat_Fis-ant-Horizont      0.9184476 0.05224546  1 0.8123530 0.8320382 0.9186843 1.0033826 1.0191186
rh_Lat_Fis-ant-Vertical      0.9258896 0.05251650  1 0.8209682 0.8398400 0.9260917 1.0107057 1.0284875
rh_Lat_Fis-post              1.2420488 0.05074950  1 1.1406499 1.1587018 1.2428921 1.3247380 1.3424261
rh_Pole_occipital            1.0760351 0.05513226  1 0.9681454 0.9851055 1.0764523 1.1674061 1.1857191
rh_Pole_temporal             1.0099791 0.05213358  1 0.9060981 0.9232976 1.0104321 1.0946849 1.1129863
rh_S_calcarine               1.2227450 0.05274135  1 1.1188750 1.1360024 1.2234940 1.3080926 1.3263629
rh_S_central                 0.8840402 0.05231536  1 0.7793885 0.7984146 0.8841572 0.9685809 0.9864177
rh_S_cingul-Marginalis       1.0918032 0.05165037  1 0.9905186 1.0080988 1.0918467 1.1759504 1.1930174
rh_S_circular_insula_ant     1.0473612 0.05211110  1 0.9410693 0.9601631 1.0481910 1.1328366 1.1483046
rh_S_circular_insula_inf     1.1768248 0.05053706  1 1.0780780 1.0939492 1.1774433 1.2585480 1.2764391
rh_S_circular_insula_sup     1.1632431 0.05257524  1 1.0600886 1.0762973 1.1640962 1.2493723 1.2665530
rh_S_collat_transv_ant       0.9713616 0.05156437  1 0.8690024 0.8856306 0.9721321 1.0554692 1.0724757
rh_S_collat_transv_post      1.0317404 0.05490873  1 0.9209947 0.9412155 1.0323324 1.1207183 1.1367264
rh_S_front_inf               0.9893081 0.05249769  1 0.8847229 0.9029595 0.9894231 1.0746300 1.0921727
rh_S_front_middle            0.8361237 0.05224313  1 0.7310587 0.7503976 0.8369335 0.9212708 0.9374212
rh_S_front_sup               0.8481336 0.05253551  1 0.7437406 0.7613556 0.8474813 0.9346255 0.9528851
rh_S_interm_prim-Jensen      1.0123309 0.05403769  1 0.9067200 0.9241233 1.0129988 1.0989167 1.1176009
rh_S_intrapariet_and_P_trans 0.9380540 0.05274663  1 0.8316587 0.8502797 0.9381902 1.0238910 1.0408685
rh_S_oc_middle_and_Lunatus   1.0079805 0.05412261  1 0.9001303 0.9184250 1.0082409 1.0950789 1.1137165
rh_S_oc_sup_and_transversal  1.0309494 0.05353247  1 0.9261322 0.9427805 1.0311901 1.1190200 1.1362058
rh_S_oc-temp_lat             1.0374169 0.05343072  1 0.9322215 0.9498765 1.0370876 1.1255209 1.1425615
rh_S_oc-temp_med_and_Lingual 1.1676744 0.05162814  1 1.0660754 1.0835413 1.1674313 1.2509955 1.2679656
rh_S_occipital_ant           1.0378794 0.05521938  1 0.9282781 0.9460882 1.0380969 1.1264752 1.1447003
rh_S_orbital_lateral         0.7611700 0.05315575  1 0.6567972 0.6733652 0.7615106 0.8477674 0.8651473
rh_S_orbital_med-olfact      1.0478796 0.05188848  1 0.9441147 0.9608521 1.0484968 1.1332284 1.1492010
rh_S_orbital-H_Shaped        0.9931761 0.05222208  1 0.8910484 0.9067177 0.9937217 1.0784422 1.0948025
rh_S_parieto_occipital       1.1553274 0.05150064  1 1.0534531 1.0711502 1.1555200 1.2403144 1.2587794
rh_S_pericallosal            1.1068981 0.05223701  1 1.0036584 1.0211771 1.1073863 1.1907457 1.2080256
rh_S_postcentral             0.9354686 0.05266154  1 0.8313883 0.8475563 0.9352713 1.0204210 1.0391336
rh_S_precentral-inf-part     0.9993997 0.05222732  1 0.8956712 0.9148143 0.9993671 1.0850224 1.1024743
rh_S_precentral-sup-part     0.8618794 0.05203626  1 0.7570429 0.7749642 0.8629293 0.9465045 0.9622221
rh_S_suborbital              0.9690334 0.05495046  1 0.8577457 0.8779500 0.9699150 1.0567078 1.0754090
rh_S_subparietal             1.2150310 0.05118314  1 1.1131959 1.1296991 1.2156803 1.2976506 1.3140335
rh_S_temporal_inf            0.9521656 0.05392493  1 0.8440607 0.8635431 0.9524537 1.0402674 1.0572740
rh_S_temporal_sup            1.0366247 0.05258660  1 0.9318987 0.9506623 1.0368959 1.1225463 1.1387432
rh_S_temporal_transverse     1.2208853 0.05297451  1 1.1151542 1.1341244 1.2211597 1.3063146 1.3258599


===== Summary of region effects under GLM for Intercept (for reference only): no adjustment for multiplicity =====
                                  mean         SD 2-sided-p      2.5%        5%       50%       95%     97.5%
lh_G_and_S_cingul-Ant        1.0866692 0.05372935  0.00e+00 0.9714312 0.9920351 1.0866692 1.1813032 1.2019072
lh_G_and_S_cingul-Mid-Ant    1.0377337 0.03876495  0.00e+00 0.9545912 0.9694566 1.0377337 1.1060108 1.1208762
lh_G_and_S_cingul-Mid-Post   1.0717711 0.03938960  0.00e+00 0.9872888 1.0023938 1.0717711 1.1411484 1.1562534
lh_G_and_S_frontomargin      0.7231387 0.04896295  0.00e+00 0.6181236 0.6368997 0.7231387 0.8093776 0.8281538
lh_G_and_S_occipital_inf     1.0184259 0.06826872  0.00e+00 0.8720040 0.8981835 1.0184259 1.1386682 1.1648477
lh_G_and_S_paracentral       0.7992077 0.04629045  0.00e+00 0.6999246 0.7176759 0.7992077 0.8807396 0.8984909
lh_G_and_S_subcentral        1.0337692 0.03962728  0.00e+00 0.9487772 0.9639733 1.0337692 1.1035652 1.1187613
lh_G_and_S_transv_frontopol  0.5600300 0.04235978  0.00e+00 0.4691773 0.4854213 0.5600300 0.6346387 0.6508827
lh_G_cingul-Post-dorsal      1.1944847 0.03617680  0.00e+00 1.1168932 1.1307661 1.1944847 1.2582033 1.2720762
lh_G_cingul-Post-ventral     1.0946099 0.04822088  0.00e+00 0.9911863 1.0096779 1.0946099 1.1795418 1.1980333
lh_G_cuneus                  1.1548050 0.05267767  0.00e+00 1.0418226 1.0620233 1.1548050 1.2475867 1.2677874
lh_G_front_inf-Opercular     0.8295566 0.04611149  0.00e+00 0.7306573 0.7483399 0.8295566 0.9107732 0.9284559
lh_G_front_inf-Orbital       0.7573775 0.04323666  0.00e+00 0.6646441 0.6812243 0.7573775 0.8335307 0.8501109
lh_G_front_inf-Triangul      0.7485782 0.04863413  0.00e+00 0.6442684 0.6629184 0.7485782 0.8342380 0.8528881
lh_G_front_middle            0.7682153 0.04543614  0.00e+00 0.6707644 0.6881881 0.7682153 0.8482424 0.8656661
lh_G_front_sup               0.9252141 0.04076410  0.00e+00 0.8377838 0.8534159 0.9252141 0.9970123 1.0126444
lh_G_Ins_lg_and_S_cent_ins   1.0945161 0.06151241  0.00e+00 0.9625851 0.9861737 1.0945161 1.2028585 1.2264471
lh_G_insular_short           0.9828442 0.04518710  0.00e+00 0.8859275 0.9032557 0.9828442 1.0624327 1.0797609
lh_G_oc-temp_lat-fusifor     1.1877973 0.06449201  0.00e+00 1.0494757 1.0742069 1.1877973 1.3013877 1.3261189
lh_G_oc-temp_med-Lingual     1.1416951 0.05922314  0.00e+00 1.0146741 1.0373848 1.1416951 1.2460054 1.2687161
lh_G_oc-temp_med-Parahip     1.1245714 0.06222755  0.00e+00 0.9911066 1.0149694 1.1245714 1.2341735 1.2580363
lh_G_occipital_middle        0.8455208 0.07340132  2.00e-08 0.6880906 0.7162383 0.8455208 0.9748033 1.0029510
lh_G_occipital_sup           0.9606468 0.07298261  0.00e+00 0.8041147 0.8321018 0.9606468 1.0891918 1.1171789
lh_G_orbital                 0.9382887 0.04796949  0.00e+00 0.8354043 0.8537995 0.9382887 1.0227778 1.0411730
lh_G_pariet_inf-Angular      0.8972321 0.04681503  0.00e+00 0.7968239 0.8147763 0.8972321 0.9796879 0.9976403
lh_G_pariet_inf-Supramar     0.8980588 0.04619657  0.00e+00 0.7989770 0.8166923 0.8980588 0.9794253 0.9971406
lh_G_parietal_sup            0.7931094 0.05058854  0.00e+00 0.6846078 0.7040073 0.7931094 0.8822115 0.9016110
lh_G_postcentral             0.8236913 0.03903027  0.00e+00 0.7399797 0.7549469 0.8236913 0.8924357 0.9074030
lh_G_precentral              0.7964195 0.03459911  0.00e+00 0.7222118 0.7354797 0.7964195 0.8573593 0.8706272
lh_G_precuneus               1.1078421 0.04251063  0.00e+00 1.0166659 1.0329677 1.1078421 1.1827165 1.1990184
lh_G_rectus                  0.8942073 0.05449855  0.00e+00 0.7773195 0.7982185 0.8942073 0.9901962 1.0110951
lh_G_subcallosal             1.0853342 0.04983019  0.00e+00 0.9784591 0.9975678 1.0853342 1.1731006 1.1922093
lh_G_temp_sup-G_T_transv     1.2788958 0.04670368  0.00e+00 1.1787264 1.1966362 1.2788958 1.3611555 1.3790652
lh_G_temp_sup-Lateral        1.0360559 0.05652711  0.00e+00 0.9148173 0.9364941 1.0360559 1.1356177 1.1572945
lh_G_temp_sup-Plan_polar     1.1624594 0.06536781  0.00e+00 1.0222594 1.0473265 1.1624594 1.2775924 1.3026594
lh_G_temp_sup-Plan_tempo     1.0061158 0.04202525  0.00e+00 0.9159806 0.9320963 1.0061158 1.0801353 1.0962510
lh_G_temporal_inf            1.0765993 0.07733135  0.00e+00 0.9107401 0.9403949 1.0765993 1.2128038 1.2424586
lh_G_temporal_middle         0.9066949 0.07715097  1.00e-08 0.7412225 0.7708081 0.9066949 1.0425817 1.0721673
lh_Lat_Fis-ant-Horizont      0.8776259 0.04766685  0.00e+00 0.7753907 0.7936698 0.8776259 0.9615820 0.9798611
lh_Lat_Fis-ant-Vertical      0.8210935 0.04360719  0.00e+00 0.7275653 0.7442877 0.8210935 0.8978992 0.9146216
lh_Lat_Fis-post              1.2678187 0.03718584  0.00e+00 1.1880631 1.2023229 1.2678187 1.3333146 1.3475744
lh_Pole_occipital            1.0176512 0.06725590  0.00e+00 0.8734017 0.8991928 1.0176512 1.1361097 1.1619008
lh_Pole_temporal             0.9497706 0.06780119  0.00e+00 0.8043515 0.8303517 0.9497706 1.0691895 1.0951897
lh_S_calcarine               1.2083672 0.05341525  0.00e+00 1.0938029 1.1142863 1.2083672 1.3024480 1.3229315
lh_S_central                 0.9361560 0.04252229  0.00e+00 0.8449547 0.8612610 0.9361560 1.0110509 1.0273572
lh_S_cingul-Marginalis       1.1153855 0.03475858  0.00e+00 1.0408357 1.0541648 1.1153855 1.1766061 1.1899352
lh_S_circular_insula_ant     1.0202697 0.05916743  0.00e+00 0.8933682 0.9160575 1.0202697 1.1244819 1.1471712
lh_S_circular_insula_inf     1.1917005 0.06315492  0.00e+00 1.0562467 1.0804651 1.1917005 1.3029359 1.3271544
lh_S_circular_insula_sup     1.2039619 0.03505978  0.00e+00 1.1287661 1.1422107 1.2039619 1.2657130 1.2791576
lh_S_collat_transv_ant       0.9815947 0.07492867  0.00e+00 0.8208887 0.8496221 0.9815947 1.1135673 1.1423007
lh_S_collat_transv_post      1.0239257 0.05184950  0.00e+00 0.9127195 0.9326026 1.0239257 1.1152487 1.1351318
lh_S_front_inf               0.9614055 0.04201132  0.00e+00 0.8713002 0.8874105 0.9614055 1.0354005 1.0515108
lh_S_front_middle            0.7725263 0.04033864  0.00e+00 0.6860085 0.7014774 0.7725263 0.8435752 0.8590441
lh_S_front_sup               0.8059544 0.04820927  0.00e+00 0.7025558 0.7210429 0.8059544 0.8908659 0.9093530
lh_S_interm_prim-Jensen      0.9335725 0.06228351  0.00e+00 0.7999877 0.8238720 0.9335725 1.0432731 1.0671574
lh_S_intrapariet_and_P_trans 0.9829231 0.05693003  0.00e+00 0.8608204 0.8826517 0.9829231 1.0831946 1.1050259
lh_S_oc_middle_and_Lunatus   0.9105178 0.07297305  1.00e-08 0.7540062 0.7819896 0.9105178 1.0390459 1.0670294
lh_S_oc_sup_and_transversal  1.0119299 0.07126952  0.00e+00 0.8590720 0.8864022 1.0119299 1.1374576 1.1647878
lh_S_oc-temp_lat             1.0725209 0.05382558  0.00e+00 0.9570765 0.9777174 1.0725209 1.1673245 1.1879653
lh_S_oc-temp_med_and_Lingual 1.1737051 0.06625095  0.00e+00 1.0316110 1.0570167 1.1737051 1.2903936 1.3157993
lh_S_occipital_ant           1.0377461 0.07443910  0.00e+00 0.8780901 0.9066357 1.0377461 1.1688564 1.1974021
lh_S_orbital_lateral         0.6559991 0.04870379  0.00e+00 0.5515399 0.5702167 0.6559991 0.7417816 0.7604584
lh_S_orbital_med-olfact      1.0120546 0.05213611  0.00e+00 0.9002338 0.9202267 1.0120546 1.1038824 1.1238754
lh_S_orbital-H_Shaped        0.9469105 0.04496603  0.00e+00 0.8504680 0.8677114 0.9469105 1.0261097 1.0433531
lh_S_parieto_occipital       1.1551943 0.03978243  0.00e+00 1.0698695 1.0851251 1.1551943 1.2252635 1.2405191
lh_S_pericallosal            1.1402232 0.04822773  0.00e+00 1.0367850 1.0552792 1.1402232 1.2251672 1.2436614
lh_S_postcentral             0.9047357 0.03167090  0.00e+00 0.8368083 0.8489534 0.9047357 0.9605179 0.9726630
lh_S_precentral-inf-part     1.0188657 0.04538229  0.00e+00 0.9215304 0.9389334 1.0188657 1.0987980 1.1162010
lh_S_precentral-sup-part     0.8432024 0.04534398  0.00e+00 0.7459492 0.7633376 0.8432024 0.9230672 0.9404555
lh_S_suborbital              1.0367230 0.05772021  0.00e+00 0.9129254 0.9350598 1.0367230 1.1383862 1.1605205
lh_S_subparietal             1.2104841 0.03761313  0.00e+00 1.1298119 1.1442357 1.2104841 1.2767324 1.2911562
lh_S_temporal_inf            0.9828598 0.06846443  0.00e+00 0.8360182 0.8622727 0.9828598 1.1034469 1.1297014
lh_S_temporal_sup            0.9198848 0.08325946  3.00e-08 0.7413110 0.7732391 0.9198848 1.0665305 1.0984586
lh_S_temporal_transverse     1.1532776 0.05873448  0.00e+00 1.0273046 1.0498279 1.1532776 1.2567272 1.2792505
rh_G_and_S_cingul-Ant        1.0677824 0.04352138  0.00e+00 0.9744384 0.9911278 1.0677824 1.1444371 1.1611265
rh_G_and_S_cingul-Mid-Ant    1.0306924 0.03834810  0.00e+00 0.9484439 0.9631495 1.0306924 1.0982353 1.1129409
rh_G_and_S_cingul-Mid-Post   1.0316736 0.03733093  0.00e+00 0.9516067 0.9659222 1.0316736 1.0974249 1.1117405
rh_G_and_S_frontomargin      0.6647634 0.05664002  1.00e-08 0.5432826 0.5650027 0.6647634 0.7645240 0.7862441
rh_G_and_S_occipital_inf     1.0124704 0.07513111  0.00e+00 0.8513302 0.8801412 1.0124704 1.1447996 1.1736106
rh_G_and_S_paracentral       0.7564969 0.03166513  0.00e+00 0.6885820 0.7007248 0.7564969 0.8122690 0.8244118
rh_G_and_S_subcentral        1.0514467 0.03975999  0.00e+00 0.9661700 0.9814170 1.0514467 1.1214763 1.1367234
rh_G_and_S_transv_frontopol  0.5989307 0.07460578  1.31e-06 0.4389172 0.4675268 0.5989307 0.7303346 0.7589442
rh_G_cingul-Post-dorsal      1.1867036 0.03513305  0.00e+00 1.1113507 1.1248234 1.1867036 1.2485838 1.2620565
rh_G_cingul-Post-ventral     1.1384644 0.04861465  0.00e+00 1.0341963 1.0528389 1.1384644 1.2240899 1.2427325
rh_G_cuneus                  1.1860439 0.06261483  0.00e+00 1.0517485 1.0757598 1.1860439 1.2963281 1.3203394
rh_G_front_inf-Opercular     0.9351381 0.04462728  0.00e+00 0.8394221 0.8565356 0.9351381 1.0137405 1.0308541
rh_G_front_inf-Orbital       0.8224843 0.05440718  0.00e+00 0.7057925 0.7266564 0.8224843 0.9183122 0.9391761
rh_G_front_inf-Triangul      0.7773402 0.04392699  0.00e+00 0.6831262 0.6999712 0.7773402 0.8547093 0.8715543
rh_G_front_middle            0.7479479 0.03658240  0.00e+00 0.6694864 0.6835149 0.7479479 0.8123808 0.8264093
rh_G_front_sup               0.9269813 0.04902168  0.00e+00 0.8218402 0.8406389 0.9269813 1.0133237 1.0321223
rh_G_Ins_lg_and_S_cent_ins   1.0067333 0.04856596  0.00e+00 0.9025697 0.9211936 1.0067333 1.0922730 1.1108970
rh_G_insular_short           0.9605142 0.03855959  0.00e+00 0.8778121 0.8925988 0.9605142 1.0284296 1.0432163
rh_G_oc-temp_lat-fusifor     1.2055114 0.04934386  0.00e+00 1.0996794 1.1186016 1.2055114 1.2924213 1.3113435
rh_G_oc-temp_med-Lingual     1.1307704 0.05478762  0.00e+00 1.0132626 1.0342724 1.1307704 1.2272683 1.2482781
rh_G_oc-temp_med-Parahip     1.0782733 0.05137666  0.00e+00 0.9680814 0.9877831 1.0782733 1.1687636 1.1884653
rh_G_occipital_middle        0.9436213 0.07244707  0.00e+00 0.7882378 0.8160195 0.9436213 1.0712231 1.0990048
rh_G_occipital_sup           0.9494088 0.07538126  1.00e-08 0.7877321 0.8166390 0.9494088 1.0821786 1.1110855
rh_G_orbital                 1.0205049 0.05247400  0.00e+00 0.9079594 0.9280820 1.0205049 1.1129279 1.1330505
rh_G_pariet_inf-Angular      0.9334892 0.05232126  0.00e+00 0.8212713 0.8413352 0.9334892 1.0256432 1.0457072
rh_G_pariet_inf-Supramar     0.9992306 0.04971003  0.00e+00 0.8926131 0.9116758 0.9992306 1.0867853 1.1058480
rh_G_parietal_sup            0.7931178 0.05540728  0.00e+00 0.6742810 0.6955284 0.7931178 0.8907072 0.9119546
rh_G_postcentral             0.8844116 0.03120796  0.00e+00 0.8174772 0.8294447 0.8844116 0.9393785 0.9513460
rh_G_precentral              0.8484679 0.03545462  0.00e+00 0.7724254 0.7860214 0.8484679 0.9109145 0.9245105
rh_G_precuneus               1.0859971 0.04006341  0.00e+00 1.0000696 1.0154330 1.0859971 1.1565612 1.1719246
rh_G_rectus                  0.9011112 0.05513247  0.00e+00 0.7828638 0.8040058 0.9011112 0.9982166 1.0193586
rh_G_subcallosal             1.0972006 0.05322917  0.00e+00 0.9830354 1.0034475 1.0972006 1.1909537 1.2113658
rh_G_temp_sup-G_T_transv     1.2329668 0.03179660  0.00e+00 1.1647698 1.1769631 1.2329668 1.2889704 1.3011637
rh_G_temp_sup-Lateral        1.0411211 0.04522759  0.00e+00 0.9441176 0.9614613 1.0411211 1.1207810 1.1381247
rh_G_temp_sup-Plan_polar     1.1263773 0.04418961  0.00e+00 1.0316000 1.0485457 1.1263773 1.2042089 1.2211546
rh_G_temp_sup-Plan_tempo     1.0600977 0.03999961  0.00e+00 0.9743071 0.9896460 1.0600977 1.1305494 1.1458883
rh_G_temporal_inf            1.0517680 0.03428977  0.00e+00 0.9782238 0.9913731 1.0517680 1.1121630 1.1253123
rh_G_temporal_middle         0.8893538 0.05693577  0.00e+00 0.7672388 0.7890723 0.8893538 0.9896354 1.0114689
rh_Lat_Fis-ant-Horizont      0.9037217 0.04328848  0.00e+00 0.8108772 0.8274773 0.9037217 0.9799661 0.9965663
rh_Lat_Fis-ant-Vertical      0.9108460 0.04337506  0.00e+00 0.8178158 0.8344491 0.9108460 0.9872430 1.0038763
rh_Lat_Fis-post              1.2485360 0.03305182  0.00e+00 1.1776469 1.1903215 1.2485360 1.3067505 1.3194251
rh_Pole_occipital            1.0902630 0.06940617  0.00e+00 0.9414016 0.9680173 1.0902630 1.2125088 1.2391245
rh_Pole_temporal             1.0123512 0.04544631  0.00e+00 0.9148786 0.9323062 1.0123512 1.0923963 1.1098239
rh_S_calcarine               1.2368157 0.04973584  0.00e+00 1.1301429 1.1492154 1.2368157 1.3244159 1.3434884
rh_S_central                 0.8794639 0.04104771  0.00e+00 0.7914253 0.8071661 0.8794639 0.9517616 0.9675025
rh_S_cingul-Marginalis       1.0940579 0.02947905  0.00e+00 1.0308317 1.0421362 1.0940579 1.1459797 1.1572842
rh_S_circular_insula_ant     1.0428768 0.05059274  0.00e+00 0.9343662 0.9537673 1.0428768 1.1319863 1.1513875
rh_S_circular_insula_inf     1.1843471 0.04187081  0.00e+00 1.0945432 1.1105996 1.1843471 1.2580946 1.2741511
rh_S_circular_insula_sup     1.1563214 0.03519538  0.00e+00 1.0808349 1.0943315 1.1563214 1.2183114 1.2318080
rh_S_collat_transv_ant       0.9640778 0.04450926  0.00e+00 0.8686150 0.8856832 0.9640778 1.0424724 1.0595407
rh_S_collat_transv_post      1.0481365 0.06207368  0.00e+00 0.9150017 0.9388055 1.0481365 1.1574675 1.1812713
rh_S_front_inf               0.9832258 0.04001547  0.00e+00 0.8974011 0.9127461 0.9832258 1.0537054 1.0690504
rh_S_front_middle            0.8211449 0.04366132  0.00e+00 0.7275007 0.7442438 0.8211449 0.8980461 0.9147892
rh_S_front_sup               0.8510113 0.04262950  0.00e+00 0.7595801 0.7759276 0.8510113 0.9260951 0.9424425
rh_S_interm_prim-Jensen      1.0054616 0.03559637  0.00e+00 0.9291150 0.9427654 1.0054616 1.0681579 1.0818083
rh_S_intrapariet_and_P_trans 0.9367795 0.03694174  0.00e+00 0.8575473 0.8717136 0.9367795 1.0018453 1.0160116
rh_S_oc_middle_and_Lunatus   1.0203885 0.06736655  0.00e+00 0.8759016 0.9017351 1.0203885 1.1390419 1.1648754
rh_S_oc_sup_and_transversal  1.0439065 0.05524359  0.00e+00 0.9254208 0.9466054 1.0439065 1.1412076 1.1623923
rh_S_oc-temp_lat             1.0468567 0.05168792  0.00e+00 0.9359971 0.9558182 1.0468567 1.1378951 1.1577162
rh_S_oc-temp_med_and_Lingual 1.1719062 0.05306738  0.00e+00 1.0580880 1.0784381 1.1719062 1.2653743 1.2857244
rh_S_occipital_ant           1.0435536 0.06290092  0.00e+00 0.9086446 0.9327656 1.0435536 1.1543416 1.1784627
rh_S_orbital_lateral         0.7203919 0.05201407  0.00e+00 0.6088329 0.6287790 0.7203919 0.8120049 0.8319510
rh_S_orbital_med-olfact      1.0431498 0.05016092  0.00e+00 0.9355653 0.9548008 1.0431498 1.1314987 1.1507343
rh_S_orbital-H_Shaped        0.9951958 0.04468865  0.00e+00 0.8993481 0.9164852 0.9951958 1.0739063 1.0910434
rh_S_parieto_occipital       1.1664091 0.04359567  0.00e+00 1.0729057 1.0896236 1.1664091 1.2431946 1.2599125
rh_S_pericallosal            1.1114860 0.05326579  0.00e+00 0.9972422 1.0176684 1.1114860 1.2053035 1.2257297
rh_S_postcentral             0.9219439 0.03254925  0.00e+00 0.8521327 0.8646145 0.9219439 0.9792732 0.9917551
rh_S_precentral-inf-part     0.9977364 0.04071996  0.00e+00 0.9104008 0.9260160 0.9977364 1.0694569 1.0850721
rh_S_precentral-sup-part     0.8602350 0.03671020  0.00e+00 0.7814995 0.7955770 0.8602350 0.9248931 0.9389706
rh_S_suborbital              0.9381386 0.07234857  1.00e-08 0.7829664 0.8107104 0.9381386 1.0655669 1.0933109
rh_S_subparietal             1.2239081 0.03337883  0.00e+00 1.1523176 1.1651176 1.2239081 1.2826985 1.2954985
rh_S_temporal_inf            0.9470039 0.05760221  0.00e+00 0.8234594 0.8455485 0.9470039 1.0484592 1.0705483
rh_S_temporal_sup            1.0348793 0.05265751  0.00e+00 0.9219401 0.9421331 1.0348793 1.1276255 1.1478184
rh_S_temporal_transverse     1.2155279 0.04567907  0.00e+00 1.1175561 1.1350729 1.2155279 1.2959829 1.3134998


