

10/26/25 16:35:29.536
   user  system elapsed 
266.339   2.503  88.476 

***** Summary information of model results *****

 Family: student 
  Links: mu = identity 
Formula: Y ~ 1 + baseline_avg + (1 | Subj) + (1 | ROI) 
   Data: lop$dataTable (Number of observations: 2219) 
  Draws: 4 chains, each with iter = 4000; warmup = 2000; thin = 1;
         total post-warmup draws = 8000

Multilevel Hyperparameters:
~ROI (Number of levels: 148) 
              Estimate Est.Error l-95% CI u-95% CI Rhat Bulk_ESS Tail_ESS
sd(Intercept)     0.01      0.00     0.00     0.01 1.00     1464     2004

~Subj (Number of levels: 15) 
              Estimate Est.Error l-95% CI u-95% CI Rhat Bulk_ESS Tail_ESS
sd(Intercept)     0.03      0.01     0.02     0.05 1.00     2387     3858

Regression Coefficients:
             Estimate Est.Error l-95% CI u-95% CI Rhat Bulk_ESS Tail_ESS
Intercept        0.00      0.01    -0.01     0.02 1.00     1248     2726
baseline_avg     0.03      0.01    -0.00     0.06 1.00    10027     6229

Further Distributional Parameters:
      Estimate Est.Error l-95% CI u-95% CI Rhat Bulk_ESS Tail_ESS
sigma     0.06      0.00     0.06     0.07 1.00     6854     5910
nu        7.51      1.18     5.63    10.15 1.00     7558     6332

Draws were sampled using sampling(NUTS). For each parameter, Bulk_ESS
and Tail_ESS are effective sample size measures, and Rhat is the potential
scale reduction factor on split chains (at convergence, Rhat = 1).


===== Summary of region effects for Intercept (RBA results) =====
                                    mean         SD       P+        2.5%          5%         50%        95%      97.5%
lh_G_and_S_cingul-Ant         0.00310166 0.01078056 0.619250 -0.01833859 -0.01478863  0.00312999 0.02074436 0.02451047
lh_G_and_S_cingul-Mid-Ant     0.00336441 0.01083120 0.622375 -0.01798838 -0.01429813  0.00327671 0.02119797 0.02502153
lh_G_and_S_cingul-Mid-Post    0.00701777 0.01120049 0.737000 -0.01447490 -0.01065560  0.00678165 0.02613834 0.02992534
lh_G_and_S_frontomargin       0.00527263 0.01080003 0.687875 -0.01586933 -0.01216094  0.00516987 0.02308169 0.02657740
lh_G_and_S_occipital_inf      0.00065961 0.01109954 0.536250 -0.02206186 -0.01795596  0.00102198 0.01823674 0.02210338
lh_G_and_S_paracentral        0.00543153 0.01090082 0.693375 -0.01585021 -0.01214478  0.00518501 0.02352653 0.02781001
lh_G_and_S_subcentral         0.00444745 0.01112535 0.661625 -0.01738693 -0.01362527  0.00445204 0.02274283 0.02676942
lh_G_and_S_transv_frontopol   0.00170902 0.01101266 0.570250 -0.02016601 -0.01646101  0.00180802 0.01929833 0.02323631
lh_G_cingul-Post-dorsal       0.00333215 0.01086352 0.625375 -0.01819882 -0.01455287  0.00332331 0.02112341 0.02494577
lh_G_cingul-Post-ventral      0.00843610 0.01141777 0.773375 -0.01304566 -0.00964909  0.00791570 0.02801444 0.03228707
lh_G_cuneus                   0.00250056 0.01086561 0.596875 -0.01937438 -0.01552520  0.00268839 0.02042397 0.02352134
lh_G_front_inf-Opercular      0.00199923 0.01099879 0.586125 -0.02020151 -0.01618905  0.00233689 0.01972029 0.02318660
lh_G_front_inf-Orbital       -0.00008476 0.01126322 0.513875 -0.02320751 -0.01891650  0.00038647 0.01772360 0.02131726
lh_G_front_inf-Triangul       0.00508694 0.01079625 0.681875 -0.01612490 -0.01224034  0.00499418 0.02300376 0.02732794
lh_G_front_middle             0.00288471 0.01080541 0.611625 -0.01851390 -0.01503916  0.00294744 0.02040413 0.02431741
lh_G_front_sup                0.00155897 0.01091054 0.562125 -0.02064769 -0.01663716  0.00172068 0.01881968 0.02232734
lh_G_Ins_lg_and_S_cent_ins    0.00092527 0.01126521 0.543625 -0.02215203 -0.01769046  0.00121689 0.01908205 0.02253012
lh_G_insular_short           -0.00054334 0.01144347 0.495875 -0.02462020 -0.01995214 -0.00012544 0.01733403 0.02071171
lh_G_oc-temp_lat-fusifor      0.00114418 0.01099141 0.547375 -0.02093639 -0.01746559  0.00128415 0.01880712 0.02255161
lh_G_oc-temp_med-Lingual      0.00231415 0.01093580 0.592125 -0.01944871 -0.01577397  0.00253014 0.01993973 0.02376624
lh_G_oc-temp_med-Parahip      0.00543002 0.01083438 0.695625 -0.01572862 -0.01220817  0.00523139 0.02350285 0.02717257
lh_G_occipital_middle         0.00136791 0.01084860 0.558625 -0.02052016 -0.01676304  0.00159480 0.01881338 0.02234777
lh_G_occipital_sup            0.00252477 0.01076586 0.600375 -0.01883888 -0.01523306  0.00261205 0.01975010 0.02366901
lh_G_orbital                  0.00281130 0.01087468 0.611125 -0.01881052 -0.01514422  0.00295953 0.02082588 0.02415846
lh_G_pariet_inf-Angular       0.00462936 0.01092491 0.665500 -0.01675441 -0.01293631  0.00458783 0.02250455 0.02700219
lh_G_pariet_inf-Supramar      0.00283421 0.01089253 0.611000 -0.01873097 -0.01509669  0.00283857 0.02059673 0.02472596
lh_G_parietal_sup             0.00170992 0.01088635 0.568875 -0.02005454 -0.01645100  0.00186779 0.01910515 0.02279784
lh_G_postcentral              0.00139876 0.01103243 0.559875 -0.02089903 -0.01730383  0.00168119 0.01931925 0.02287229
lh_G_precentral               0.00675105 0.01111707 0.733250 -0.01431308 -0.01114618  0.00647288 0.02541986 0.02959653
lh_G_precuneus                0.00101986 0.01098423 0.546000 -0.02210395 -0.01754703  0.00118148 0.01805794 0.02161531
lh_G_rectus                   0.00145071 0.01086569 0.557750 -0.02024219 -0.01668442  0.00155029 0.01896992 0.02270210
lh_G_subcallosal              0.00119558 0.01099826 0.551125 -0.02087703 -0.01715643  0.00128291 0.01888780 0.02239941
lh_G_temp_sup-G_T_transv      0.00246764 0.01112448 0.596625 -0.01976618 -0.01595038  0.00262872 0.02035417 0.02442561
lh_G_temp_sup-Lateral         0.00129574 0.01109613 0.551875 -0.02111678 -0.01716225  0.00151724 0.01915183 0.02273921
lh_G_temp_sup-Plan_polar     -0.00119638 0.01150762 0.473625 -0.02533063 -0.02070918 -0.00069360 0.01698888 0.02055274
lh_G_temp_sup-Plan_tempo      0.00086120 0.01119281 0.539125 -0.02226016 -0.01807953  0.00104257 0.01844183 0.02208355
lh_G_temporal_inf             0.00034783 0.01112599 0.527875 -0.02216649 -0.01820628  0.00070382 0.01789354 0.02164235
lh_G_temporal_middle         -0.00125440 0.01149919 0.476250 -0.02479255 -0.02045451 -0.00062766 0.01676596 0.02010499
lh_Lat_Fis-ant-Horizont       0.00115402 0.01090451 0.548875 -0.02058591 -0.01688168  0.00135152 0.01860842 0.02216500
lh_Lat_Fis-ant-Vertical      -0.00158004 0.01141435 0.460375 -0.02518575 -0.02113760 -0.00110914 0.01648009 0.01972484
lh_Lat_Fis-post               0.00308161 0.01089913 0.618125 -0.01823795 -0.01481702  0.00320774 0.02054717 0.02432068
lh_Pole_occipital             0.00305625 0.01080687 0.619500 -0.01836074 -0.01484352  0.00324137 0.02047590 0.02442232
lh_Pole_temporal              0.00079760 0.01108643 0.540125 -0.02171044 -0.01797941  0.00106525 0.01858677 0.02252315
lh_S_calcarine                0.00569979 0.01087884 0.696625 -0.01542303 -0.01161981  0.00554472 0.02400446 0.02783811
lh_S_central                  0.00473223 0.01103976 0.665875 -0.01671674 -0.01341302  0.00461030 0.02308303 0.02669278
lh_S_cingul-Marginalis        0.00466783 0.01098169 0.673000 -0.01710181 -0.01311114  0.00450130 0.02263746 0.02682181
lh_S_circular_insula_ant      0.00112481 0.01116152 0.547125 -0.02170645 -0.01771648  0.00134409 0.01895406 0.02282213
lh_S_circular_insula_inf      0.00912864 0.01169454 0.785000 -0.01256155 -0.00909779  0.00874864 0.02899167 0.03370917
lh_S_circular_insula_sup      0.00493316 0.01099883 0.672000 -0.01622747 -0.01306271  0.00474465 0.02327253 0.02704045
lh_S_collat_transv_ant        0.00668888 0.01118372 0.729500 -0.01502877 -0.01121649  0.00632497 0.02538794 0.02992329
lh_S_collat_transv_post       0.00465564 0.01079653 0.671625 -0.01647436 -0.01283383  0.00465448 0.02246337 0.02652492
lh_S_front_inf                0.00607889 0.01106401 0.712625 -0.01546187 -0.01151668  0.00586062 0.02471738 0.02889934
lh_S_front_middle             0.00360158 0.01070060 0.634125 -0.01773064 -0.01394620  0.00365114 0.02108507 0.02453022
lh_S_front_sup                0.00338191 0.01074907 0.628625 -0.01787669 -0.01438548  0.00342145 0.02091555 0.02481378
lh_S_interm_prim-Jensen       0.00661279 0.01113537 0.725750 -0.01470706 -0.01126655  0.00636906 0.02564369 0.02963261
lh_S_intrapariet_and_P_trans  0.00641703 0.01110405 0.717250 -0.01482759 -0.01137665  0.00600493 0.02522214 0.02976920
lh_S_oc_middle_and_Lunatus    0.00340512 0.01093682 0.622500 -0.01815010 -0.01446507  0.00343935 0.02095150 0.02505166
lh_S_oc_sup_and_transversal   0.00784224 0.01139588 0.752625 -0.01381320 -0.01025705  0.00739330 0.02756429 0.03184292
lh_S_oc-temp_lat             -0.00108270 0.01128770 0.466625 -0.02356396 -0.01990775 -0.00087439 0.01666412 0.02076422
lh_S_oc-temp_med_and_Lingual  0.00456292 0.01098872 0.669125 -0.01706104 -0.01321117  0.00446968 0.02237432 0.02697000
lh_S_occipital_ant            0.00401687 0.01085983 0.650000 -0.01741698 -0.01367531  0.00406015 0.02182402 0.02607730
lh_S_orbital_lateral          0.00106242 0.01100084 0.551500 -0.02113695 -0.01742656  0.00142981 0.01878173 0.02282683
lh_S_orbital_med-olfact      -0.00073094 0.01140936 0.487125 -0.02463593 -0.02051917 -0.00033249 0.01713592 0.02069484
lh_S_orbital-H_Shaped         0.00528854 0.01099388 0.691250 -0.01598422 -0.01255968  0.00515205 0.02341602 0.02757657
lh_S_parieto_occipital        0.00280532 0.01075947 0.606125 -0.01867028 -0.01510593  0.00289213 0.02044284 0.02402157
lh_S_pericallosal             0.00523118 0.01088151 0.682625 -0.01574569 -0.01245701  0.00518183 0.02337078 0.02730898
lh_S_postcentral              0.00771782 0.01141410 0.752750 -0.01358323 -0.01007635  0.00715885 0.02744588 0.03188974
lh_S_precentral-inf-part      0.00627080 0.01118429 0.713750 -0.01529488 -0.01127236  0.00592099 0.02512388 0.02944935
lh_S_precentral-sup-part      0.00542126 0.01098223 0.692375 -0.01574048 -0.01214095  0.00514943 0.02390495 0.02776153
lh_S_suborbital               0.00419459 0.01083539 0.657500 -0.01744659 -0.01358031  0.00418733 0.02196314 0.02591684
lh_S_subparietal              0.00111035 0.01099635 0.549625 -0.02146275 -0.01738935  0.00140273 0.01867603 0.02213802
lh_S_temporal_inf             0.00180637 0.01092852 0.569625 -0.02005129 -0.01623975  0.00197554 0.01945131 0.02348145
lh_S_temporal_sup             0.00528180 0.01091337 0.691250 -0.01621509 -0.01263915  0.00523428 0.02332486 0.02717132
lh_S_temporal_transverse     -0.00172515 0.01170594 0.457250 -0.02619159 -0.02208759 -0.00117278 0.01649409 0.01993796
rh_G_and_S_cingul-Ant         0.00315389 0.01085833 0.625000 -0.01835587 -0.01502663  0.00324393 0.02089511 0.02463673
rh_G_and_S_cingul-Mid-Ant     0.00275139 0.01081578 0.610000 -0.01912338 -0.01506554  0.00290305 0.02037487 0.02390829
rh_G_and_S_cingul-Mid-Post    0.00106559 0.01110814 0.553000 -0.02202106 -0.01787103  0.00136629 0.01859253 0.02263195
rh_G_and_S_frontomargin       0.00689566 0.01119071 0.733500 -0.01409094 -0.01081808  0.00639048 0.02595098 0.03009470
rh_G_and_S_occipital_inf      0.00283359 0.01072670 0.614500 -0.01855268 -0.01514535  0.00302953 0.02010354 0.02393903
rh_G_and_S_paracentral       -0.00078609 0.01128679 0.484500 -0.02410136 -0.01991904 -0.00040683 0.01690937 0.02051016
rh_G_and_S_subcentral         0.00334194 0.01094364 0.622750 -0.01830937 -0.01463302  0.00332313 0.02122809 0.02489562
rh_G_and_S_transv_frontopol   0.00657458 0.01106034 0.727250 -0.01438176 -0.01092922  0.00626691 0.02554981 0.02919437
rh_G_cingul-Post-dorsal       0.00259985 0.01088040 0.603250 -0.01902373 -0.01529918  0.00268040 0.02015299 0.02408973
rh_G_cingul-Post-ventral      0.00188027 0.01087335 0.579500 -0.02000285 -0.01633508  0.00205789 0.01960559 0.02347023
rh_G_cuneus                   0.00228429 0.01086358 0.590250 -0.01913417 -0.01584341  0.00252531 0.01951640 0.02338351
rh_G_front_inf-Opercular     -0.00003281 0.01127625 0.509875 -0.02290638 -0.01871771  0.00022824 0.01811558 0.02143443
rh_G_front_inf-Orbital        0.00394007 0.01101727 0.641125 -0.01809780 -0.01422286  0.00393966 0.02202780 0.02610810
rh_G_front_inf-Triangul       0.00584277 0.01085039 0.708250 -0.01514463 -0.01153674  0.00559215 0.02391379 0.02799739
rh_G_front_middle             0.00378187 0.01092078 0.643375 -0.01809031 -0.01394900  0.00369414 0.02129476 0.02525665
rh_G_front_sup                0.00340928 0.01078261 0.624250 -0.01737062 -0.01396738  0.00334119 0.02121311 0.02520544
rh_G_Ins_lg_and_S_cent_ins    0.00352809 0.01070307 0.632250 -0.01757079 -0.01404907  0.00346922 0.02086494 0.02471023
rh_G_insular_short            0.00040487 0.01108844 0.525250 -0.02166129 -0.01804706  0.00070875 0.01815000 0.02160427
rh_G_oc-temp_lat-fusifor     -0.00012034 0.01118548 0.508250 -0.02311678 -0.01872023  0.00026196 0.01782694 0.02133118
rh_G_oc-temp_med-Lingual      0.00151609 0.01102385 0.566375 -0.02061528 -0.01682562  0.00168607 0.01912415 0.02304436
rh_G_oc-temp_med-Parahip      0.00281619 0.01101872 0.604750 -0.01902473 -0.01528842  0.00294601 0.02084697 0.02481125
rh_G_occipital_middle        -0.00053431 0.01118565 0.496625 -0.02365511 -0.01961881 -0.00009974 0.01704831 0.02097020
rh_G_occipital_sup            0.00123851 0.01085335 0.557250 -0.02045617 -0.01679281  0.00144481 0.01863008 0.02201765
rh_G_orbital                  0.00181673 0.01090540 0.577375 -0.02038283 -0.01640177  0.00198483 0.01939619 0.02310682
rh_G_pariet_inf-Angular       0.00273205 0.01072065 0.604250 -0.01883334 -0.01485898  0.00279315 0.01999802 0.02360602
rh_G_pariet_inf-Supramar      0.00289067 0.01097644 0.611750 -0.01876340 -0.01521428  0.00307380 0.02086294 0.02457871
rh_G_parietal_sup             0.00404079 0.01086540 0.655625 -0.01769755 -0.01394305  0.00408066 0.02193254 0.02597223
rh_G_postcentral              0.00580569 0.01103204 0.704250 -0.01562758 -0.01208483  0.00561917 0.02432114 0.02843495
rh_G_precentral               0.00457821 0.01089093 0.668875 -0.01691571 -0.01334943  0.00451710 0.02241360 0.02608694
rh_G_precuneus               -0.00074205 0.01132232 0.483750 -0.02425480 -0.01988501 -0.00035530 0.01699422 0.02034952
rh_G_rectus                   0.00040902 0.01103576 0.528125 -0.02239086 -0.01811381  0.00073390 0.01772201 0.02150402
rh_G_subcallosal              0.00153216 0.01099406 0.566625 -0.02028458 -0.01666903  0.00174494 0.01916798 0.02287302
rh_G_temp_sup-G_T_transv      0.00047403 0.01134626 0.527875 -0.02287851 -0.01871380  0.00087525 0.01835740 0.02191745
rh_G_temp_sup-Lateral         0.00053574 0.01142611 0.532125 -0.02321871 -0.01868222  0.00085932 0.01861982 0.02245660
rh_G_temp_sup-Plan_polar      0.00621518 0.01121404 0.712125 -0.01511030 -0.01148264  0.00595530 0.02493826 0.02950667
rh_G_temp_sup-Plan_tempo      0.00428624 0.01101893 0.655250 -0.01764615 -0.01378362  0.00423927 0.02234890 0.02626714
rh_G_temporal_inf             0.00190984 0.01104243 0.579375 -0.02021506 -0.01658358  0.00193362 0.01991804 0.02386202
rh_G_temporal_middle          0.00160401 0.01097772 0.569500 -0.02041897 -0.01680143  0.00177617 0.01906333 0.02274128
rh_Lat_Fis-ant-Horizont       0.00679864 0.01099655 0.732125 -0.01406249 -0.01084046  0.00651784 0.02532576 0.02955257
rh_Lat_Fis-ant-Vertical       0.00318644 0.01084371 0.623750 -0.01805844 -0.01482866  0.00324996 0.02082043 0.02478504
rh_Lat_Fis-post               0.00540918 0.01103432 0.689125 -0.01580109 -0.01239089  0.00533702 0.02369657 0.02788975
rh_Pole_occipital             0.00175919 0.01091700 0.571750 -0.02017019 -0.01636610  0.00197242 0.01918341 0.02240300
rh_Pole_temporal              0.00764048 0.01136001 0.754500 -0.01375997 -0.01020869  0.00711729 0.02674647 0.03160000
rh_S_calcarine                0.00430687 0.01087028 0.660250 -0.01733671 -0.01334388  0.00432885 0.02225259 0.02604051
rh_S_central                  0.00493636 0.01084212 0.673750 -0.01584311 -0.01252506  0.00464882 0.02299490 0.02669924
rh_S_cingul-Marginalis       -0.00087047 0.01137510 0.481125 -0.02418372 -0.02040153 -0.00051769 0.01723765 0.02118790
rh_S_circular_insula_ant      0.00125201 0.01123417 0.555375 -0.02162493 -0.01738013  0.00145412 0.01927114 0.02331835
rh_S_circular_insula_inf      0.00526989 0.01087308 0.687500 -0.01576467 -0.01239518  0.00518680 0.02322863 0.02715720
rh_S_circular_insula_sup      0.00290359 0.01083509 0.615250 -0.01832547 -0.01491545  0.00304649 0.02074386 0.02440600
rh_S_collat_transv_ant       -0.00015951 0.01117772 0.507625 -0.02290523 -0.01877279  0.00019888 0.01748451 0.02098162
rh_S_collat_transv_post       0.00116418 0.01104108 0.550000 -0.02111462 -0.01723046  0.00128862 0.01903749 0.02316315
rh_S_front_inf                0.00208307 0.01090606 0.580125 -0.02008872 -0.01601191  0.00207943 0.01972719 0.02363355
rh_S_front_middle             0.00182676 0.01090333 0.575750 -0.02005255 -0.01645712  0.00203603 0.01910136 0.02269000
rh_S_front_sup                0.00296484 0.01082800 0.614750 -0.01856875 -0.01520122  0.00305599 0.02026249 0.02388086
rh_S_interm_prim-Jensen       0.00104353 0.01112184 0.547500 -0.02190773 -0.01774058  0.00133033 0.01867416 0.02189049
rh_S_intrapariet_and_P_trans  0.00404772 0.01082885 0.648625 -0.01716056 -0.01364860  0.00405281 0.02193721 0.02588314
rh_S_oc_middle_and_Lunatus    0.00105190 0.01091597 0.550250 -0.02090546 -0.01728372  0.00139392 0.01853173 0.02195582
rh_S_oc_sup_and_transversal   0.00632207 0.01112532 0.716625 -0.01506731 -0.01160205  0.00602949 0.02503945 0.02919667
rh_S_oc-temp_lat              0.00492057 0.01088539 0.674375 -0.01607560 -0.01230799  0.00477152 0.02330716 0.02736884
rh_S_oc-temp_med_and_Lingual  0.00138888 0.01104127 0.559125 -0.02048156 -0.01687020  0.00154021 0.01924530 0.02303155
rh_S_occipital_ant            0.00220416 0.01080477 0.590375 -0.01945745 -0.01592374  0.00244657 0.01967675 0.02321909
rh_S_orbital_lateral          0.00319025 0.01098582 0.620375 -0.01866289 -0.01488600  0.00315014 0.02160186 0.02528646
rh_S_orbital_med-olfact       0.00158539 0.01093186 0.569875 -0.02048837 -0.01666647  0.00168116 0.01928182 0.02254187
rh_S_orbital-H_Shaped         0.00340904 0.01075610 0.632000 -0.01808021 -0.01432284  0.00348299 0.02078352 0.02464683
rh_S_parieto_occipital        0.00174522 0.01087800 0.572000 -0.02022410 -0.01671695  0.00178860 0.01935792 0.02327677
rh_S_pericallosal             0.00724203 0.01120015 0.736500 -0.01392070 -0.01031985  0.00676402 0.02643129 0.03013457
rh_S_postcentral              0.00231859 0.01097012 0.596000 -0.01991839 -0.01625974  0.00250731 0.02009784 0.02384115
rh_S_precentral-inf-part      0.00292872 0.01104742 0.613000 -0.01945790 -0.01550545  0.00301844 0.02095275 0.02484268
rh_S_precentral-sup-part      0.00279192 0.01097579 0.606125 -0.01900271 -0.01561902  0.00293471 0.02077891 0.02455861
rh_S_suborbital               0.00477832 0.01087114 0.676250 -0.01648436 -0.01281346  0.00465749 0.02318778 0.02716732
rh_S_subparietal              0.00113798 0.01091970 0.555000 -0.02120922 -0.01733269  0.00152129 0.01860987 0.02191848
rh_S_temporal_inf             0.00278507 0.01099886 0.603750 -0.01906416 -0.01554537  0.00281798 0.02015492 0.02443487
rh_S_temporal_sup            -0.00014756 0.01115862 0.507125 -0.02293951 -0.01884747  0.00018390 0.01761562 0.02065401
rh_S_temporal_transverse      0.00058095 0.01125645 0.529000 -0.02241931 -0.01818860  0.00085510 0.01862343 0.02199871


